simulation_time,system_mean_waiting_time,system_mean_speed,system_total_stopped,system_total_running,system_total_arrived,system_total_departed,system_total_waiting_time,model_type,scenario
5.0,0.0,2.7335899728427955,1,0,0,0,0.0,Traditional,1
10.0,0.0,6.812349328954286,0,0,0,0,0.0,Traditional,1
15.0,0.375,3.9692160673953065,2,0,0,0,3.0,Traditional,1
20.0,1.5,4.778137019677293,3,0,0,0,15.0,Traditional,1
25.0,2.5384615384615383,3.691001463799274,5,0,0,0,33.0,Traditional,1
30.0,4.0,4.5066840462445725,7,0,0,0,60.0,Traditional,1
35.0,5.333333333333333,3.5055936545242243,9,0,0,0,96.0,Traditional,1
40.0,7.2,3.75021225005228,10,0,0,0,144.0,Traditional,1
45.0,8.608695652173912,3.6453804992248764,12,0,0,0,198.0,Traditional,1
50.0,0.22727272727272727,5.713500706393544,2,0,0,0,5.0,Traditional,1
55.0,1.0434782608695652,5.08838038090514,5,0,0,0,24.0,Traditional,1
60.0,2.619047619047619,3.9467196043380386,7,0,0,0,55.0,Traditional,1
65.0,4.565217391304348,2.958569300938306,12,0,0,0,105.0,Traditional,1
70.0,6.84,3.675183950405143,14,0,0,0,171.0,Traditional,1
75.0,9.222222222222221,1.917919396115255,19,0,0,0,249.0,Traditional,1
80.0,12.214285714285714,1.857438771116373,19,0,0,0,342.0,Traditional,1
85.0,15.206896551724139,2.146124317447651,20,0,0,0,441.0,Traditional,1
90.0,17.548387096774192,1.244009227220944,22,0,0,0,544.0,Traditional,1
95.0,0.2647058823529412,5.287251666506353,5,0,0,0,9.0,Traditional,1
100.0,1.0909090909090908,5.147101989074296,8,0,0,0,36.0,Traditional,1
105.0,2.342857142857143,5.214532706878014,14,0,0,0,82.0,Traditional,1
110.0,4.25,4.500100042402355,16,0,0,0,153.0,Traditional,1
115.0,6.473684210526316,3.0947912939252693,22,0,0,0,246.0,Traditional,1
120.0,9.461538461538462,2.3820565943588767,27,0,0,0,369.0,Traditional,1
125.0,11.928571428571429,2.4835662924622417,28,0,0,0,501.0,Traditional,1
130.0,14.613636363636363,2.8368186368587676,29,0,0,0,643.0,Traditional,1
135.0,17.666666666666668,2.1612983492462865,32,0,0,0,795.0,Traditional,1
140.0,0.4222222222222222,5.5106665121259155,5,0,0,0,19.0,Traditional,1
145.0,1.4285714285714286,5.945694861882125,11,0,0,0,60.0,Traditional,1
150.0,3.263157894736842,4.177101275173862,14,0,0,0,124.0,Traditional,1
155.0,5.589743589743589,2.564664854065442,23,0,0,0,218.0,Traditional,1
160.0,9.052631578947368,1.7349340734508543,27,0,0,0,344.0,Traditional,1
165.0,12.375,1.4167784795700147,33,0,0,0,495.0,Traditional,1
170.0,16.121951219512194,0.8307662280567394,34,0,0,0,661.0,Traditional,1
175.0,18.977272727272727,1.2045326293657213,36,0,0,0,835.0,Traditional,1
180.0,22.08695652173913,1.242009403298798,37,0,0,0,1016.0,Traditional,1
185.0,0.1568627450980392,5.30373392601241,5,0,0,0,8.0,Traditional,1
190.0,0.49056603773584906,6.350974145597003,6,0,0,0,26.0,Traditional,1
195.0,0.5576923076923077,6.543994714221021,7,0,0,0,29.0,Traditional,1
200.0,1.469387755102041,6.093964958523102,13,0,0,0,72.0,Traditional,1
205.0,2.9038461538461537,4.699170549396108,18,0,0,0,151.0,Traditional,1
210.0,4.611111111111111,3.0110322959228375,24,0,0,0,249.0,Traditional,1
215.0,6.701754385964913,3.329224795714809,30,0,0,0,382.0,Traditional,1
220.0,8.383333333333333,3.092053431360443,32,0,0,0,503.0,Traditional,1
225.0,10.095238095238095,2.27512507353854,37,0,0,0,636.0,Traditional,1
230.0,0.5161290322580645,4.107452395143357,12,0,0,0,32.0,Traditional,1
235.0,1.564516129032258,4.544848187970514,16,0,0,0,97.0,Traditional,1
240.0,3.2222222222222223,3.3880325114071956,26,0,0,0,203.0,Traditional,1
245.0,5.202898550724638,2.907529902308815,34,0,0,0,359.0,Traditional,1
250.0,8.042857142857143,1.602075426660647,50,0,0,0,563.0,Traditional,1
255.0,11.135135135135135,1.5321191648976615,57,0,0,0,824.0,Traditional,1
260.0,14.428571428571429,1.2962872318391194,60,0,0,0,1111.0,Traditional,1
265.0,17.8375,0.9982281316855899,67,0,0,0,1427.0,Traditional,1
270.0,20.705882352941178,1.0058868897161721,68,0,0,0,1760.0,Traditional,1
275.0,0.2840909090909091,4.076165489589394,10,0,0,0,25.0,Traditional,1
280.0,0.6629213483146067,4.867195017923397,15,0,0,0,59.0,Traditional,1
285.0,1.1348314606741574,4.940058135138401,19,0,0,0,101.0,Traditional,1
290.0,2.5647058823529414,4.531208077974155,30,0,0,0,218.0,Traditional,1
295.0,4.662650602409639,4.059314818593624,40,0,0,0,387.0,Traditional,1
300.0,6.905882352941177,3.78792822061099,44,0,0,0,587.0,Traditional,1
305.0,8.682926829268293,3.5712731470058503,41,0,0,0,712.0,Traditional,1
310.0,10.4875,3.2065885249683044,44,0,0,0,839.0,Traditional,1
315.0,12.80722891566265,2.638911191929387,49,0,0,0,1063.0,Traditional,1
320.0,0.30952380952380953,4.015034329380451,13,0,0,0,26.0,Traditional,1
325.0,1.379746835443038,4.59371050443711,21,0,0,0,109.0,Traditional,1
330.0,2.7341772151898733,4.479091879279579,27,0,0,0,216.0,Traditional,1
335.0,4.448717948717949,3.7851759783922185,32,0,0,0,347.0,Traditional,1
340.0,6.734177215189874,2.30290605624659,45,0,0,0,532.0,Traditional,1
345.0,9.74074074074074,1.5582263276653086,58,0,0,0,789.0,Traditional,1
350.0,13.27710843373494,1.277006768537483,66,0,0,0,1102.0,Traditional,1
355.0,16.528735632183906,1.238910941546836,70,0,0,0,1438.0,Traditional,1
360.0,19.554347826086957,0.9481435141815552,76,0,0,0,1799.0,Traditional,1
365.0,0.26262626262626265,3.8081556616304066,13,0,0,0,26.0,Traditional,1
370.0,0.6796116504854369,4.993549373290511,16,0,0,0,70.0,Traditional,1
375.0,1.5,4.526327215847388,28,0,0,0,156.0,Traditional,1
380.0,2.897196261682243,4.113080092081738,39,0,0,0,310.0,Traditional,1
385.0,4.398230088495575,3.635806922558799,50,0,0,0,497.0,Traditional,1
390.0,5.637931034482759,3.3958560610463437,55,0,0,0,654.0,Traditional,1
395.0,7.647058823529412,3.186561636105799,65,0,0,0,910.0,Traditional,1
400.0,8.96774193548387,3.0222738792200228,62,0,0,0,1112.0,Traditional,1
405.0,11.007692307692308,2.842598416313883,71,0,0,0,1431.0,Traditional,1
410.0,0.9618320610687023,3.065146681922898,30,0,0,0,126.0,Traditional,1
415.0,2.051094890510949,3.094259334660117,52,0,0,0,281.0,Traditional,1
420.0,3.607142857142857,2.754374167969588,59,0,0,0,505.0,Traditional,1
425.0,5.510067114093959,2.1214220019118115,79,0,0,0,821.0,Traditional,1
430.0,7.838709677419355,2.1038949070025654,94,0,0,0,1215.0,Traditional,1
435.0,10.7875,1.4748270751320562,113,0,0,0,1726.0,Traditional,1
440.0,13.987804878048781,1.142083573062904,124,0,0,0,2294.0,Traditional,1
445.0,16.664772727272727,1.2207543857115588,137,0,0,0,2933.0,Traditional,1
450.0,19.74175824175824,0.7537243442437204,146,0,0,0,3593.0,Traditional,1
455.0,3.89247311827957,2.6088555095112897,59,0,0,0,724.0,Traditional,1
460.0,4.169491525423729,2.889012704533817,64,0,0,0,738.0,Traditional,1
465.0,4.362068965517241,3.245025807283897,61,0,0,0,759.0,Traditional,1
470.0,5.664804469273743,2.9809031438868216,69,0,0,0,1014.0,Traditional,1
475.0,6.788359788359788,2.5414607580164144,92,0,0,0,1283.0,Traditional,1
480.0,8.31958762886598,2.5323592925412926,103,0,0,0,1614.0,Traditional,1
485.0,10.82010582010582,2.3876334156370818,108,0,0,0,2045.0,Traditional,1
490.0,11.638743455497382,1.9408636344601256,110,0,0,0,2223.0,Traditional,1
495.0,13.678571428571429,1.70990063242679,120,0,0,0,2681.0,Traditional,1
500.0,4.744897959183674,2.352784728147469,70,0,0,0,930.0,Traditional,1
505.0,5.712041884816754,2.197304451247988,96,0,0,0,1091.0,Traditional,1
510.0,7.397905759162303,1.8703306973124347,116,0,0,0,1413.0,Traditional,1
515.0,10.061224489795919,1.3488036456880554,135,0,0,0,1972.0,Traditional,1
520.0,13.142857142857142,1.143062499159709,157,0,0,0,2668.0,Traditional,1
525.0,16.679425837320576,0.7059172836097044,177,0,0,0,3486.0,Traditional,1
530.0,19.50925925925926,0.7866840570049776,177,0,0,0,4214.0,Traditional,1
535.0,22.838565022421523,0.867234407505419,189,0,0,0,5093.0,Traditional,1
540.0,26.393013100436683,0.7058252013783741,198,0,0,0,6044.0,Traditional,1
5.0,0.0,3.7716076806498067,1,0,0,0,0.0,Traditional,2
10.0,0.0,5.796124164981653,0,0,0,0,0.0,Traditional,2
15.0,0.875,4.646443864852717,3,0,0,0,7.0,Traditional,2
20.0,1.7,5.533771710609364,2,0,0,0,17.0,Traditional,2
25.0,2.6923076923076925,3.532077642967578,7,0,0,0,35.0,Traditional,2
30.0,4.8,3.5347707027749706,9,0,0,0,72.0,Traditional,2
35.0,6.5,4.353417146523152,10,0,0,0,117.0,Traditional,2
40.0,8.2,2.8976622772481857,10,0,0,0,164.0,Traditional,2
45.0,9.521739130434783,3.569341805029705,13,0,0,0,219.0,Traditional,2
50.0,0.21739130434782608,6.264259278994479,3,0,0,0,5.0,Traditional,2
55.0,0.8,4.599887986059249,6,0,0,0,20.0,Traditional,2
60.0,2.2222222222222223,4.978144612123169,10,0,0,0,60.0,Traditional,2
65.0,3.6551724137931036,4.890120120479455,11,0,0,0,106.0,Traditional,2
70.0,5.566666666666666,3.728135085598902,13,0,0,0,167.0,Traditional,2
75.0,7.375,3.4735793659824656,16,0,0,0,236.0,Traditional,2
80.0,9.878787878787879,2.204647827978583,21,0,0,0,326.0,Traditional,2
85.0,12.714285714285714,1.9894073954016984,26,0,0,0,445.0,Traditional,2
90.0,16.34285714285714,1.685626601923805,26,0,0,0,572.0,Traditional,2
95.0,0.4444444444444444,6.596918897092705,4,0,0,0,16.0,Traditional,2
100.0,0.8888888888888888,6.958497351680538,4,0,0,0,32.0,Traditional,2
105.0,1.5675675675675675,5.448937630210574,12,0,0,0,58.0,Traditional,2
110.0,3.6285714285714286,3.718007072114047,16,0,0,0,127.0,Traditional,2
115.0,4.542857142857143,2.3386850034462725,19,0,0,0,159.0,Traditional,2
120.0,7.111111111111111,2.153089718849126,20,0,0,0,256.0,Traditional,2
125.0,9.307692307692308,3.280839993999268,23,0,0,0,363.0,Traditional,2
130.0,12.128205128205128,3.4420410247426023,22,0,0,0,473.0,Traditional,2
135.0,14.21951219512195,3.187609694860832,23,0,0,0,583.0,Traditional,2
140.0,0.325,5.384743785622447,7,0,0,0,13.0,Traditional,2
145.0,1.0789473684210527,5.738701030813096,8,0,0,0,41.0,Traditional,2
150.0,2.289473684210526,4.9067877546856975,11,0,0,0,87.0,Traditional,2
155.0,4.305555555555555,5.1218456196691,16,0,0,0,155.0,Traditional,2
160.0,6.4324324324324325,3.490389479610336,19,0,0,0,238.0,Traditional,2
165.0,9.657142857142857,3.3716869169770147,21,0,0,0,338.0,Traditional,2
170.0,12.941176470588236,2.8059320988211236,22,0,0,0,440.0,Traditional,2
175.0,15.8,2.1352385901963005,25,0,0,0,553.0,Traditional,2
180.0,18.083333333333332,1.7118860977233075,26,0,0,0,651.0,Traditional,2
185.0,0.075,6.29466534547179,2,0,0,0,3.0,Traditional,2
190.0,0.30952380952380953,6.10197951386411,5,0,0,0,13.0,Traditional,2
195.0,1.3488372093023255,5.408460700635841,13,0,0,0,58.0,Traditional,2
200.0,2.765957446808511,4.744592224876585,19,0,0,0,130.0,Traditional,2
205.0,4.644444444444445,3.1559022755872252,20,0,0,0,209.0,Traditional,2
210.0,6.854166666666667,3.7814950916449512,26,0,0,0,329.0,Traditional,2
215.0,9.098039215686274,3.091946165315463,30,0,0,0,464.0,Traditional,2
220.0,11.462962962962964,2.8479710818633572,34,0,0,0,619.0,Traditional,2
225.0,13.982142857142858,2.524944711920145,34,0,0,0,783.0,Traditional,2
230.0,0.20689655172413793,5.6795662526854,7,0,0,0,12.0,Traditional,2
235.0,0.7931034482758621,5.257233015701851,12,0,0,0,46.0,Traditional,2
240.0,2.1639344262295084,4.08909043307635,22,0,0,0,132.0,Traditional,2
245.0,4.484375,3.222975512986849,35,0,0,0,287.0,Traditional,2
250.0,6.521739130434782,2.5895414297955295,40,0,0,0,450.0,Traditional,2
255.0,9.492753623188406,1.6508323412082673,46,0,0,0,655.0,Traditional,2
260.0,12.256756756756756,1.8896150446197937,53,0,0,0,907.0,Traditional,2
265.0,15.407894736842104,1.6146065343158817,58,0,0,0,1171.0,Traditional,2
270.0,18.670886075949365,1.1574314085477808,64,0,0,0,1475.0,Traditional,2
275.0,0.4268292682926829,3.539664437412082,15,0,0,0,35.0,Traditional,2
280.0,1.525,4.4437111841632655,21,0,0,0,122.0,Traditional,2
285.0,2.891891891891892,3.5097636836058954,27,0,0,0,214.0,Traditional,2
290.0,3.3684210526315788,3.9386308734913427,26,0,0,0,256.0,Traditional,2
295.0,4.246753246753247,3.441478376868548,31,0,0,0,327.0,Traditional,2
300.0,6.160493827160494,2.7652540162934494,40,0,0,0,499.0,Traditional,2
305.0,8.650602409638553,2.3634311531119936,48,0,0,0,718.0,Traditional,2
310.0,11.023255813953488,2.616159307379658,54,0,0,0,948.0,Traditional,2
315.0,12.02247191011236,2.2789122954930745,55,0,0,0,1070.0,Traditional,2
320.0,1.2282608695652173,3.7493905998235304,18,0,0,0,113.0,Traditional,2
325.0,1.3157894736842106,4.03004940342728,23,0,0,0,125.0,Traditional,2
330.0,2.8969072164948453,3.903805047205147,39,0,0,0,281.0,Traditional,2
335.0,5.260416666666667,2.4717657239541033,51,0,0,0,505.0,Traditional,2
340.0,7.989795918367347,2.298979760127291,62,0,0,0,783.0,Traditional,2
345.0,11.206185567010309,1.6211042735013856,70,0,0,0,1087.0,Traditional,2
350.0,14.108910891089108,1.138525407637365,73,0,0,0,1425.0,Traditional,2
355.0,17.295238095238094,1.4329677108597723,81,0,0,0,1816.0,Traditional,2
360.0,20.16216216216216,0.9623168679026407,90,0,0,0,2238.0,Traditional,2
365.0,1.0982142857142858,3.3900212816542004,18,0,0,0,123.0,Traditional,2
370.0,1.3982300884955752,3.857943398120782,37,0,0,0,158.0,Traditional,2
375.0,2.5789473684210527,3.6615907678929114,38,0,0,0,294.0,Traditional,2
380.0,4.0265486725663715,3.160062331807686,47,0,0,0,455.0,Traditional,2
385.0,4.75,3.259425239190004,51,0,0,0,551.0,Traditional,2
390.0,5.917355371900826,3.221127830473466,55,0,0,0,716.0,Traditional,2
395.0,7.984126984126984,2.660403437808126,70,0,0,0,1006.0,Traditional,2
400.0,10.549618320610687,2.532084430174011,84,0,0,0,1382.0,Traditional,2
405.0,13.264705882352942,1.8837420354964,92,0,0,0,1804.0,Traditional,2
410.0,3.2928571428571427,2.685993513588809,45,0,0,0,461.0,Traditional,2
415.0,3.8639455782312924,3.2441197458497535,52,0,0,0,568.0,Traditional,2
420.0,5.4640522875816995,3.364637245896369,62,0,0,0,836.0,Traditional,2
425.0,7.5256410256410255,3.2117511971170303,77,0,0,0,1174.0,Traditional,2
430.0,9.460606060606061,2.3712291628851676,93,0,0,0,1561.0,Traditional,2
435.0,12.278106508875739,1.6591908844022882,115,0,0,0,2075.0,Traditional,2
440.0,14.534090909090908,1.5605257896669504,123,0,0,0,2558.0,Traditional,2
445.0,17.703296703296704,1.140218636848849,141,0,0,0,3222.0,Traditional,2
450.0,20.666666666666668,0.8418701602719754,159,0,0,0,3968.0,Traditional,2
455.0,6.831632653061225,2.4082255880279697,74,0,0,0,1339.0,Traditional,2
460.0,3.425,2.7221244307909287,58,0,0,0,685.0,Traditional,2
465.0,2.1633663366336635,2.5479037931626163,65,0,0,0,437.0,Traditional,2
470.0,3.5074626865671643,2.262139760878517,83,0,0,0,705.0,Traditional,2
475.0,4.882352941176471,2.2985612379922182,103,0,0,0,996.0,Traditional,2
480.0,6.671568627450981,1.9506380460075732,109,0,0,0,1361.0,Traditional,2
485.0,8.951219512195122,1.7927770989645024,126,0,0,0,1835.0,Traditional,2
490.0,11.268867924528301,1.5464113487022955,142,0,0,0,2389.0,Traditional,2
495.0,13.95260663507109,1.5777779415883482,144,0,0,0,2944.0,Traditional,2
500.0,7.21860465116279,1.7814515671617084,96,0,0,0,1552.0,Traditional,2
505.0,7.295454545454546,2.072235797593659,119,0,0,0,1605.0,Traditional,2
510.0,8.870535714285714,1.8174412419846673,140,0,0,0,1987.0,Traditional,2
515.0,11.620087336244541,1.204681107359918,169,0,0,0,2661.0,Traditional,2
520.0,13.147058823529411,1.0476826212655665,185,0,0,0,3129.0,Traditional,2
525.0,16.71900826446281,0.7098983424912956,207,0,0,0,4046.0,Traditional,2
530.0,20.536585365853657,0.6103399293417489,212,0,0,0,5052.0,Traditional,2
535.0,24.246031746031747,0.6178614393268276,222,0,0,0,6110.0,Traditional,2
540.0,27.658823529411766,0.4972699385305591,225,0,0,0,7053.0,Traditional,2
5.0,0.0,4.664858836183946,1,0,0,0,0.0,Traditional,3
10.0,0.0,5.926899547549758,0,0,0,0,0.0,Traditional,3
15.0,0.5,5.68103767398569,3,0,0,0,4.0,Traditional,3
20.0,1.4,6.30073227336847,2,0,0,0,14.0,Traditional,3
25.0,2.076923076923077,4.0965137173415735,5,0,0,0,27.0,Traditional,3
30.0,4.230769230769231,2.8398869154393513,6,0,0,0,55.0,Traditional,3
35.0,5.5625,3.377526638538529,9,0,0,0,89.0,Traditional,3
40.0,7.882352941176471,2.9999665022433857,10,0,0,0,134.0,Traditional,3
45.0,9.3,2.1090511469590467,12,0,0,0,186.0,Traditional,3
50.0,0.3333333333333333,6.0569934277257085,2,0,0,0,7.0,Traditional,3
55.0,0.7083333333333334,5.221319643017345,5,0,0,0,17.0,Traditional,3
60.0,1.8333333333333333,5.436317749457359,6,0,0,0,44.0,Traditional,3
65.0,3.5,4.7366860262912,11,0,0,0,84.0,Traditional,3
70.0,5.916666666666667,2.1929549378502453,14,0,0,0,142.0,Traditional,3
75.0,8.333333333333334,1.7403740570428488,20,0,0,0,225.0,Traditional,3
80.0,11.925925925925926,1.3034273447170928,20,0,0,0,322.0,Traditional,3
85.0,14.862068965517242,1.1936569269713888,23,0,0,0,431.0,Traditional,3
90.0,17.64516129032258,1.3613393427291314,24,0,0,0,547.0,Traditional,3
95.0,0.23529411764705882,5.185831213800532,5,0,0,0,8.0,Traditional,3
100.0,0.6,6.316471707370732,4,0,0,0,21.0,Traditional,3
105.0,1.5277777777777777,5.651842461342277,9,0,0,0,55.0,Traditional,3
110.0,2.6,4.806918844882963,11,0,0,0,91.0,Traditional,3
115.0,3.9473684210526314,5.455322989957937,14,0,0,0,150.0,Traditional,3
120.0,5.864864864864865,4.647092464236684,14,0,0,0,217.0,Traditional,3
125.0,7.918918918918919,3.8722076842332647,18,0,0,0,293.0,Traditional,3
130.0,10.75,3.122675237412659,22,0,0,0,387.0,Traditional,3
135.0,13.567567567567568,1.8905953201411883,25,0,0,0,502.0,Traditional,3
140.0,0.2894736842105263,4.592192862745978,3,0,0,0,11.0,Traditional,3
145.0,0.8421052631578947,4.69663598705592,7,0,0,0,32.0,Traditional,3
150.0,2.081081081081081,4.457899826417438,12,0,0,0,77.0,Traditional,3
155.0,3.4615384615384617,4.549406013126422,13,0,0,0,135.0,Traditional,3
160.0,5.205128205128205,3.8236026198968815,14,0,0,0,203.0,Traditional,3
165.0,7.769230769230769,3.1191180387135264,22,0,0,0,303.0,Traditional,3
170.0,11.61111111111111,2.0037796699232886,24,0,0,0,418.0,Traditional,3
175.0,14.368421052631579,1.5948193361749523,28,0,0,0,546.0,Traditional,3
180.0,17.615384615384617,1.1889261554193755,29,0,0,0,687.0,Traditional,3
185.0,0.1590909090909091,5.5140179391764965,4,0,0,0,7.0,Traditional,3
190.0,0.5238095238095238,5.587741760771341,4,0,0,0,22.0,Traditional,3
195.0,1.434782608695652,4.871498822885192,13,0,0,0,66.0,Traditional,3
200.0,2.7058823529411766,5.797730152507303,17,0,0,0,138.0,Traditional,3
205.0,3.111111111111111,5.004745813302349,16,0,0,0,168.0,Traditional,3
210.0,4.581818181818182,4.649786754253851,20,0,0,0,252.0,Traditional,3
215.0,6.083333333333333,3.8226687379854565,27,0,0,0,365.0,Traditional,3
220.0,8.129032258064516,3.2049032820191523,30,0,0,0,504.0,Traditional,3
225.0,10.138461538461538,2.9028516773658564,33,0,0,0,659.0,Traditional,3
230.0,0.46875,5.044347730675858,10,0,0,0,30.0,Traditional,3
235.0,1.3770491803278688,4.735162665768241,13,0,0,0,84.0,Traditional,3
240.0,2.903225806451613,3.9836242613322055,25,0,0,0,180.0,Traditional,3
245.0,4.7936507936507935,3.4493058940235075,29,0,0,0,302.0,Traditional,3
250.0,7.015151515151516,3.033350555267377,35,0,0,0,463.0,Traditional,3
255.0,9.558823529411764,2.5269035072484853,41,0,0,0,650.0,Traditional,3
260.0,11.485714285714286,2.134687143485192,42,0,0,0,804.0,Traditional,3
265.0,14.183098591549296,2.103720251144804,48,0,0,0,1007.0,Traditional,3
270.0,17.633802816901408,1.8806047483302728,52,0,0,0,1252.0,Traditional,3
275.0,0.21621621621621623,4.297130519864795,10,0,0,0,16.0,Traditional,3
280.0,1.0277777777777777,4.9824807919209775,18,0,0,0,74.0,Traditional,3
285.0,2.2794117647058822,5.252862337357488,21,0,0,0,155.0,Traditional,3
290.0,3.208955223880597,4.420758642587875,25,0,0,0,215.0,Traditional,3
295.0,3.753623188405797,4.115690108689749,23,0,0,0,259.0,Traditional,3
300.0,5.826086956521739,3.3902905747320067,35,0,0,0,402.0,Traditional,3
305.0,7.550724637681159,2.858204784767139,39,0,0,0,521.0,Traditional,3
310.0,9.931506849315069,2.798602744877812,48,0,0,0,725.0,Traditional,3
315.0,12.066666666666666,2.2294654082220844,44,0,0,0,905.0,Traditional,3
320.0,0.4025974025974026,4.509174102281712,12,0,0,0,31.0,Traditional,3
325.0,1.2236842105263157,4.722592183005641,18,0,0,0,93.0,Traditional,3
330.0,2.689189189189189,3.5488798487594524,29,0,0,0,199.0,Traditional,3
335.0,4.671052631578948,3.395758010807043,37,0,0,0,355.0,Traditional,3
340.0,7.0,2.855892219541948,44,0,0,0,546.0,Traditional,3
345.0,10.0,2.384103100083543,50,0,0,0,780.0,Traditional,3
350.0,13.487179487179487,1.5930127813034594,59,0,0,0,1052.0,Traditional,3
355.0,16.27710843373494,1.4361233730959375,64,0,0,0,1351.0,Traditional,3
360.0,19.39080459770115,1.0720984184622928,70,0,0,0,1687.0,Traditional,3
365.0,0.5851063829787234,4.067144820716615,10,0,0,0,55.0,Traditional,3
370.0,0.5368421052631579,5.014328207308379,18,0,0,0,51.0,Traditional,3
375.0,0.9285714285714286,4.453768713118569,23,0,0,0,91.0,Traditional,3
380.0,1.6476190476190475,4.827702317033525,24,0,0,0,173.0,Traditional,3
385.0,2.944954128440367,4.58536652223551,36,0,0,0,321.0,Traditional,3
390.0,4.564102564102564,3.4290308749134084,49,0,0,0,534.0,Traditional,3
395.0,6.065040650406504,3.268170544937268,54,0,0,0,746.0,Traditional,3
400.0,8.362903225806452,3.125940400949345,64,0,0,0,1037.0,Traditional,3
405.0,10.472868217054264,2.31493138751413,73,0,0,0,1351.0,Traditional,3
410.0,0.8787878787878788,3.347578294902184,33,0,0,0,116.0,Traditional,3
415.0,1.9057971014492754,3.7110042714828233,44,0,0,0,263.0,Traditional,3
420.0,3.5441176470588234,3.303139406015644,58,0,0,0,482.0,Traditional,3
425.0,5.784172661870503,2.6846543167387784,74,0,0,0,804.0,Traditional,3
430.0,8.62589928057554,2.50806633627518,85,0,0,0,1199.0,Traditional,3
435.0,11.16551724137931,1.647589638287662,93,0,0,0,1619.0,Traditional,3
440.0,13.77124183006536,1.6027498852631634,107,0,0,0,2107.0,Traditional,3
445.0,16.53416149068323,1.491558230599258,118,0,0,0,2662.0,Traditional,3
450.0,19.094117647058823,1.3583077488881288,125,0,0,0,3246.0,Traditional,3
455.0,2.901734104046243,2.9932544388897555,39,0,0,0,502.0,Traditional,3
460.0,1.3546511627906976,3.8722060273246144,46,0,0,0,233.0,Traditional,3
465.0,2.497041420118343,3.38281218716068,56,0,0,0,422.0,Traditional,3
470.0,3.3238636363636362,3.3828342814191217,69,0,0,0,585.0,Traditional,3
475.0,4.632183908045977,3.467824189327312,71,0,0,0,806.0,Traditional,3
480.0,6.434285714285714,2.791771916059259,81,0,0,0,1126.0,Traditional,3
485.0,8.502732240437158,2.5391788378319995,103,0,0,0,1556.0,Traditional,3
490.0,10.759358288770054,2.3907694712788614,116,0,0,0,2012.0,Traditional,3
495.0,12.329842931937172,1.9010050110844636,117,0,0,0,2355.0,Traditional,3
500.0,1.8082901554404145,2.680888793852734,53,0,0,0,349.0,Traditional,3
505.0,2.8608247422680413,2.496310846554479,85,0,0,0,555.0,Traditional,3
510.0,5.34020618556701,1.5764305817875048,123,0,0,0,1036.0,Traditional,3
515.0,7.887755102040816,1.0920956421502952,143,0,0,0,1546.0,Traditional,3
520.0,10.529411764705882,1.1206184093957463,154,0,0,0,2148.0,Traditional,3
525.0,13.980952380952381,0.8832798341752605,172,0,0,0,2936.0,Traditional,3
530.0,17.511627906976745,0.9062497038411731,184,0,0,0,3765.0,Traditional,3
535.0,21.11520737327189,0.5520336242937521,188,0,0,0,4582.0,Traditional,3
540.0,23.762114537444933,0.437900370288524,197,0,0,0,5394.0,Traditional,3
5.0,0.0,3.9336226212326437,1,0,0,0,0.0,Traditional,4
10.0,0.0,5.557783861609109,0,0,0,0,0.0,Traditional,4
15.0,0.0,8.49985103856494,1,0,0,0,0.0,Traditional,4
20.0,0.0,6.607448653505328,0,0,0,0,0.0,Traditional,4
25.0,0.0,6.235697259200845,1,0,0,0,0.0,Traditional,4
30.0,0.25,6.370586043676102,1,0,0,0,3.0,Traditional,4
35.0,0.7857142857142857,4.965507571583667,3,0,0,0,11.0,Traditional,4
40.0,1.9333333333333333,6.512073428674842,4,0,0,0,29.0,Traditional,4
45.0,2.9411764705882355,4.064789894597995,6,0,0,0,50.0,Traditional,4
50.0,0.11764705882352941,7.489069845565194,2,0,0,0,2.0,Traditional,4
55.0,0.7647058823529411,3.4684980003381476,6,0,0,0,13.0,Traditional,4
60.0,2.9473684210526314,2.647498186625196,11,0,0,0,56.0,Traditional,4
65.0,5.523809523809524,2.824347072353635,13,0,0,0,116.0,Traditional,4
70.0,8.85,1.9621128826103078,13,0,0,0,177.0,Traditional,4
75.0,10.875,0.9017411122759672,20,0,0,0,261.0,Traditional,4
80.0,13.692307692307692,1.253325484714796,19,0,0,0,356.0,Traditional,4
85.0,15.620689655172415,2.1138033419792817,21,0,0,0,453.0,Traditional,4
90.0,18.06451612903226,1.813249604725237,23,0,0,0,560.0,Traditional,4
95.0,0.5,4.722282956787628,6,0,0,0,16.0,Traditional,4
100.0,1.4375,5.504248159113265,6,0,0,0,46.0,Traditional,4
105.0,2.5,5.218756520348061,11,0,0,0,80.0,Traditional,4
110.0,4.533333333333333,3.9166000876275455,12,0,0,0,136.0,Traditional,4
115.0,6.419354838709677,4.37498249679935,14,0,0,0,199.0,Traditional,4
120.0,9.448275862068966,4.885841292707963,15,0,0,0,274.0,Traditional,4
125.0,11.633333333333333,3.384877617467083,16,0,0,0,349.0,Traditional,4
130.0,13.838709677419354,3.5010010222573977,17,0,0,0,429.0,Traditional,4
135.0,17.366666666666667,3.44637726217924,19,0,0,0,521.0,Traditional,4
140.0,0.18181818181818182,5.529897396340486,3,0,0,0,6.0,Traditional,4
145.0,0.9117647058823529,6.891054641410887,6,0,0,0,31.0,Traditional,4
150.0,2.09375,4.574117270779136,9,0,0,0,67.0,Traditional,4
155.0,3.8484848484848486,3.9246715443858635,15,0,0,0,127.0,Traditional,4
160.0,6.212121212121212,3.2882429368056343,19,0,0,0,205.0,Traditional,4
165.0,8.8,1.5193080000898374,23,0,0,0,308.0,Traditional,4
170.0,12.941176470588236,0.9548629306359427,28,0,0,0,440.0,Traditional,4
175.0,15.837837837837839,1.1558495903763262,31,0,0,0,586.0,Traditional,4
180.0,18.871794871794872,1.4618281354296674,30,0,0,0,736.0,Traditional,4
185.0,0.11627906976744186,6.51169755389457,4,0,0,0,5.0,Traditional,4
190.0,0.5121951219512195,5.657223567736819,5,0,0,0,21.0,Traditional,4
195.0,1.0454545454545454,5.478727037061407,11,0,0,0,46.0,Traditional,4
200.0,2.1777777777777776,5.569727571251149,13,0,0,0,98.0,Traditional,4
205.0,3.5217391304347827,4.457773585916262,15,0,0,0,162.0,Traditional,4
210.0,4.653061224489796,4.495800500327949,16,0,0,0,228.0,Traditional,4
215.0,6.5625,4.836031858122228,19,0,0,0,315.0,Traditional,4
220.0,7.803921568627451,4.116735138325325,19,0,0,0,398.0,Traditional,4
225.0,8.452830188679245,4.072855633768636,21,0,0,0,448.0,Traditional,4
230.0,0.5098039215686274,5.10575527928523,10,0,0,0,26.0,Traditional,4
235.0,1.8363636363636364,3.537547743620265,20,0,0,0,101.0,Traditional,4
240.0,3.586206896551724,3.562527242557987,28,0,0,0,208.0,Traditional,4
245.0,6.241379310344827,2.1269300714752877,36,0,0,0,362.0,Traditional,4
250.0,9.222222222222221,1.6877369189790146,47,0,0,0,581.0,Traditional,4
255.0,12.0,1.2401527374824393,50,0,0,0,804.0,Traditional,4
260.0,14.561643835616438,1.09550585297514,59,0,0,0,1063.0,Traditional,4
265.0,17.776315789473685,1.5601022229569068,60,0,0,0,1351.0,Traditional,4
270.0,20.493827160493826,0.9250291660347233,68,0,0,0,1660.0,Traditional,4
275.0,1.1012658227848102,3.7213195232105387,13,0,0,0,87.0,Traditional,4
280.0,0.5769230769230769,5.136876737761917,11,0,0,0,45.0,Traditional,4
285.0,1.0129870129870129,5.625539504292313,11,0,0,0,78.0,Traditional,4
290.0,2.066666666666667,4.597695328285707,22,0,0,0,155.0,Traditional,4
295.0,4.094594594594595,3.853510131247876,34,0,0,0,303.0,Traditional,4
300.0,6.3896103896103895,2.635197265958543,43,0,0,0,492.0,Traditional,4
305.0,8.405063291139241,2.8763269310239323,44,0,0,0,664.0,Traditional,4
310.0,10.938271604938272,2.7061592839172315,47,0,0,0,886.0,Traditional,4
315.0,13.578313253012048,2.6012771656912532,52,0,0,0,1127.0,Traditional,4
320.0,2.6470588235294117,3.90596250163218,23,0,0,0,225.0,Traditional,4
325.0,1.430232558139535,4.387794729299558,23,0,0,0,123.0,Traditional,4
330.0,2.842696629213483,3.8169514553086823,32,0,0,0,253.0,Traditional,4
335.0,5.0344827586206895,3.270168470108359,43,0,0,0,438.0,Traditional,4
340.0,6.8977272727272725,2.879830980642441,47,0,0,0,607.0,Traditional,4
345.0,9.720930232558139,2.005359822810778,54,0,0,0,836.0,Traditional,4
350.0,13.372093023255815,1.263151872736439,67,0,0,0,1150.0,Traditional,4
355.0,16.730337078651687,1.311771098277774,71,0,0,0,1489.0,Traditional,4
360.0,19.881720430107528,1.0862754303411242,74,0,0,0,1849.0,Traditional,4
365.0,0.8333333333333334,4.129907408643926,17,0,0,0,80.0,Traditional,4
370.0,1.5,4.564946001913268,23,0,0,0,138.0,Traditional,4
375.0,2.6021505376344085,4.236996241814203,31,0,0,0,242.0,Traditional,4
380.0,3.618556701030928,3.2661592946131495,43,0,0,0,351.0,Traditional,4
385.0,4.254716981132075,3.2800068197504375,43,0,0,0,451.0,Traditional,4
390.0,6.133928571428571,3.0556333742200357,56,0,0,0,687.0,Traditional,4
395.0,8.128205128205128,2.8393201786270206,64,0,0,0,951.0,Traditional,4
400.0,9.873015873015873,2.4444118057618294,69,0,0,0,1244.0,Traditional,4
405.0,12.449612403100776,2.3435972384340054,81,0,0,0,1606.0,Traditional,4
410.0,2.765151515151515,3.3599837193273556,42,0,0,0,365.0,Traditional,4
415.0,2.7426470588235294,3.557752648642822,41,0,0,0,373.0,Traditional,4
420.0,3.111888111888112,3.2859146367260053,54,0,0,0,445.0,Traditional,4
425.0,5.062068965517241,2.5826429044381,75,0,0,0,734.0,Traditional,4
430.0,7.71523178807947,2.033372776934228,100,0,0,0,1165.0,Traditional,4
435.0,10.716129032258065,1.2449996090474174,112,0,0,0,1661.0,Traditional,4
440.0,13.745341614906833,1.2992165216595952,124,0,0,0,2213.0,Traditional,4
445.0,17.396341463414632,0.8084730823900663,137,0,0,0,2853.0,Traditional,4
450.0,20.82941176470588,0.5952153760509143,148,0,0,0,3541.0,Traditional,4
455.0,6.3977272727272725,1.9876941013926959,62,0,0,0,1126.0,Traditional,4
460.0,6.282608695652174,2.5418696858059495,75,0,0,0,1156.0,Traditional,4
465.0,7.792553191489362,2.5983243740175253,97,0,0,0,1465.0,Traditional,4
470.0,9.455026455026456,1.9861404570508048,103,0,0,0,1787.0,Traditional,4
475.0,10.697916666666666,2.0038001906784113,106,0,0,0,2054.0,Traditional,4
480.0,12.248730964467006,1.8686591811362694,115,0,0,0,2413.0,Traditional,4
485.0,14.357843137254902,2.0819747172442793,124,0,0,0,2929.0,Traditional,4
490.0,17.203883495145632,1.4698765992415592,145,0,0,0,3544.0,Traditional,4
495.0,19.563981042654028,0.9587990476902889,154,0,0,0,4128.0,Traditional,4
500.0,13.972093023255814,1.957249265622141,113,0,0,0,3004.0,Traditional,4
505.0,14.927927927927929,1.8060756972720724,128,0,0,0,3314.0,Traditional,4
510.0,17.234513274336283,1.1805715272292556,150,0,0,0,3895.0,Traditional,4
515.0,19.935622317596568,1.157497979896231,176,0,0,0,4645.0,Traditional,4
520.0,22.816666666666666,0.9539687645600184,189,0,0,0,5476.0,Traditional,4
525.0,25.404,0.8399952776128085,209,0,0,0,6351.0,Traditional,4
530.0,27.98841698841699,1.006890572418368,208,0,0,0,7249.0,Traditional,4
535.0,31.059701492537314,0.5969475161292861,226,0,0,0,8324.0,Traditional,4
540.0,34.51282051282051,0.4817553295944283,240,0,0,0,9422.0,Traditional,4
5.0,0.0,3.891210556294149,1,0,0,0,0.0,Traditional,5
10.0,0.0,7.17140344404144,0,0,0,0,0.0,Traditional,5
15.0,0.25,6.733165729870091,2,0,0,0,2.0,Traditional,5
20.0,0.7,7.331603245887351,1,0,0,0,7.0,Traditional,5
25.0,1.1666666666666667,5.740943932209798,3,0,0,0,14.0,Traditional,5
30.0,1.7857142857142858,6.244707790141817,3,0,0,0,25.0,Traditional,5
35.0,3.3125,3.9962006334249556,8,0,0,0,53.0,Traditional,5
40.0,4.888888888888889,4.61228507216496,7,0,0,0,88.0,Traditional,5
45.0,6.15,2.7164500860056884,8,0,0,0,123.0,Traditional,5
50.0,0.8636363636363636,5.402062702540519,6,0,0,0,19.0,Traditional,5
55.0,2.125,3.07709134181081,9,0,0,0,51.0,Traditional,5
60.0,3.9615384615384617,4.467610459385503,11,0,0,0,103.0,Traditional,5
65.0,6.0,2.993584029253967,15,0,0,0,168.0,Traditional,5
70.0,9.03448275862069,0.9061454387316903,22,0,0,0,262.0,Traditional,5
75.0,12.7,0.9747923561830817,26,0,0,0,381.0,Traditional,5
80.0,15.84375,1.5074586027568304,26,0,0,0,507.0,Traditional,5
85.0,18.085714285714285,1.3804089306645186,27,0,0,0,633.0,Traditional,5
90.0,20.91891891891892,1.07213390142914,29,0,0,0,774.0,Traditional,5
95.0,0.125,6.807961329831244,3,0,0,0,5.0,Traditional,5
100.0,0.02564102564102564,7.92455770765094,1,0,0,0,1.0,Traditional,5
105.0,0.5405405405405406,6.098248187305273,7,0,0,0,20.0,Traditional,5
110.0,1.6923076923076923,6.219198147869307,12,0,0,0,66.0,Traditional,5
115.0,3.2432432432432434,4.522024393278994,15,0,0,0,120.0,Traditional,5
120.0,5.685714285714286,3.6710798959117863,18,0,0,0,199.0,Traditional,5
125.0,8.285714285714286,3.6542750455503517,21,0,0,0,290.0,Traditional,5
130.0,11.588235294117647,2.996540159666596,22,0,0,0,394.0,Traditional,5
135.0,14.823529411764707,2.2338159971483953,23,0,0,0,504.0,Traditional,5
140.0,0.34285714285714286,5.480433661071297,4,0,0,0,12.0,Traditional,5
145.0,1.0909090909090908,5.636587801775421,8,0,0,0,36.0,Traditional,5
150.0,2.393939393939394,5.018957864973995,10,0,0,0,79.0,Traditional,5
155.0,4.027777777777778,3.9724491077919626,17,0,0,0,145.0,Traditional,5
160.0,6.8,2.551591284188245,22,0,0,0,238.0,Traditional,5
165.0,9.394736842105264,2.33438810344891,27,0,0,0,357.0,Traditional,5
170.0,12.4,1.3651449194093608,30,0,0,0,496.0,Traditional,5
175.0,15.523809523809524,1.0708300827990773,33,0,0,0,652.0,Traditional,5
180.0,18.727272727272727,1.2414082657561307,36,0,0,0,824.0,Traditional,5
185.0,0.22727272727272727,5.374115835166612,5,0,0,0,10.0,Traditional,5
190.0,0.782608695652174,6.191335247698867,9,0,0,0,36.0,Traditional,5
195.0,0.6521739130434783,5.824487391746414,6,0,0,0,30.0,Traditional,5
200.0,1.6,5.3085046155388085,10,0,0,0,72.0,Traditional,5
205.0,3.0,4.52400204663363,17,0,0,0,141.0,Traditional,5
210.0,4.470588235294118,4.15219174071343,20,0,0,0,228.0,Traditional,5
215.0,6.452830188679245,3.5606545419196323,26,0,0,0,342.0,Traditional,5
220.0,8.830188679245284,3.4162830024095037,28,0,0,0,468.0,Traditional,5
225.0,10.678571428571429,3.6014204178061044,27,0,0,0,598.0,Traditional,5
230.0,0.39655172413793105,4.5091074758579675,10,0,0,0,23.0,Traditional,5
235.0,1.293103448275862,4.249101572709943,15,0,0,0,75.0,Traditional,5
240.0,2.8,4.092988048578082,23,0,0,0,168.0,Traditional,5
245.0,4.6875,3.236995571922664,32,0,0,0,300.0,Traditional,5
250.0,6.720588235294118,2.539296121297801,38,0,0,0,457.0,Traditional,5
255.0,9.408450704225352,1.9183315327586934,47,0,0,0,668.0,Traditional,5
260.0,12.266666666666667,1.4197516400937327,54,0,0,0,920.0,Traditional,5
265.0,15.947368421052632,1.222812775225914,63,0,0,0,1212.0,Traditional,5
270.0,19.15,0.7345527208029061,67,0,0,0,1532.0,Traditional,5
275.0,0.1686746987951807,4.5512835050330755,5,0,0,0,14.0,Traditional,5
280.0,0.6829268292682927,5.287302573352259,13,0,0,0,56.0,Traditional,5
285.0,1.35,4.975870881458193,20,0,0,0,108.0,Traditional,5
290.0,2.891566265060241,4.303119258179541,36,0,0,0,240.0,Traditional,5
295.0,4.439024390243903,3.488644587076816,38,0,0,0,364.0,Traditional,5
300.0,6.451219512195122,3.7914592336251522,37,0,0,0,529.0,Traditional,5
305.0,8.395348837209303,3.7164750302017016,42,0,0,0,722.0,Traditional,5
310.0,11.069767441860465,2.6400587601857337,51,0,0,0,952.0,Traditional,5
315.0,12.955555555555556,2.547801899593774,56,0,0,0,1166.0,Traditional,5
320.0,0.6914893617021277,3.5020001886351144,18,0,0,0,65.0,Traditional,5
325.0,1.263157894736842,3.895511344228572,28,0,0,0,120.0,Traditional,5
330.0,3.0,4.037420860945378,40,0,0,0,276.0,Traditional,5
335.0,5.408602150537634,3.2236589409672236,52,0,0,0,503.0,Traditional,5
340.0,8.48913043478261,2.028726207239191,62,0,0,0,781.0,Traditional,5
345.0,11.258064516129032,1.2753467483094254,68,0,0,0,1047.0,Traditional,5
350.0,14.635416666666666,1.3249173580578215,76,0,0,0,1405.0,Traditional,5
355.0,18.432989690721648,1.0934372489413124,78,0,0,0,1788.0,Traditional,5
360.0,21.846938775510203,0.9377088878299653,80,0,0,0,2141.0,Traditional,5
365.0,0.82,3.8178893194298955,18,0,0,0,82.0,Traditional,5
370.0,0.7425742574257426,4.971157639037772,17,0,0,0,75.0,Traditional,5
375.0,1.2547169811320755,5.158186779437248,22,0,0,0,133.0,Traditional,5
380.0,2.5225225225225225,4.7869976838104575,38,0,0,0,280.0,Traditional,5
385.0,3.5948275862068964,3.5074959478751024,46,0,0,0,417.0,Traditional,5
390.0,4.801652892561983,3.361801464967593,49,0,0,0,581.0,Traditional,5
395.0,6.161290322580645,3.37246033245812,53,0,0,0,764.0,Traditional,5
400.0,7.6328125,3.136826689208615,59,0,0,0,977.0,Traditional,5
405.0,9.007518796992482,2.705605458555395,63,0,0,0,1198.0,Traditional,5
410.0,0.782608695652174,3.5243980120162806,34,0,0,0,108.0,Traditional,5
415.0,2.028368794326241,3.1882176293670663,54,0,0,0,286.0,Traditional,5
420.0,3.8055555555555554,3.153858812180797,65,0,0,0,548.0,Traditional,5
425.0,5.900662251655629,2.6938413254286853,78,0,0,0,891.0,Traditional,5
430.0,8.62987012987013,1.811376454607898,100,0,0,0,1329.0,Traditional,5
435.0,11.521472392638037,1.3197164245790658,119,0,0,0,1878.0,Traditional,5
440.0,14.538011695906432,1.1854610612739709,130,0,0,0,2486.0,Traditional,5
445.0,17.741573033707866,1.173993742231647,141,0,0,0,3158.0,Traditional,5
450.0,20.967567567567567,0.9548046941215117,148,0,0,0,3879.0,Traditional,5
455.0,3.6424870466321244,2.472477267342363,61,0,0,0,703.0,Traditional,5
460.0,1.8578680203045685,2.9157345270934116,63,0,0,0,366.0,Traditional,5
465.0,2.7142857142857144,3.0529172124069786,71,0,0,0,551.0,Traditional,5
470.0,4.259803921568627,2.5650208796618186,93,0,0,0,869.0,Traditional,5
475.0,5.552884615384615,2.3669986919408883,108,0,0,0,1155.0,Traditional,5
480.0,7.257142857142857,2.2980370371490544,113,0,0,0,1524.0,Traditional,5
485.0,9.00925925925926,2.1502262660450295,124,0,0,0,1946.0,Traditional,5
490.0,10.390134529147982,2.0173229577841525,127,0,0,0,2317.0,Traditional,5
495.0,12.709251101321586,1.5866621909822143,150,0,0,0,2885.0,Traditional,5
500.0,4.787878787878788,1.9650969021915,100,0,0,0,1106.0,Traditional,5
505.0,5.2905982905982905,1.7041841027594142,126,0,0,0,1238.0,Traditional,5
510.0,7.6068376068376065,1.4859654843615975,150,0,0,0,1780.0,Traditional,5
515.0,9.938016528925619,1.0091358772809003,178,0,0,0,2405.0,Traditional,5
520.0,12.883064516129032,0.9611583200696443,187,0,0,0,3195.0,Traditional,5
525.0,16.118577075098813,0.7901715347099375,206,0,0,0,4078.0,Traditional,5
530.0,19.612403100775193,0.6301210992467936,225,0,0,0,5060.0,Traditional,5
535.0,22.98872180451128,0.43768969803522323,236,0,0,0,6115.0,Traditional,5
540.0,26.99264705882353,0.2468701524425354,252,0,0,0,7342.0,Traditional,5
5.0,0.0,4.368747051300791,1,0,0,0,0.0,Traditional,6
10.0,0.0,7.146046835485052,0,0,0,0,0.0,Traditional,6
15.0,0.5,5.341807347612008,3,0,0,0,4.0,Traditional,6
20.0,1.6,6.2419720767966345,3,0,0,0,16.0,Traditional,6
25.0,2.230769230769231,5.305229910885429,5,0,0,0,29.0,Traditional,6
30.0,3.6,4.070705647070676,6,0,0,0,54.0,Traditional,6
35.0,4.944444444444445,4.598709098910067,8,0,0,0,89.0,Traditional,6
40.0,6.5,3.5669856021728625,9,0,0,0,130.0,Traditional,6
45.0,8.333333333333334,4.019731877759889,10,0,0,0,175.0,Traditional,6
50.0,0.15,4.958185839387038,2,0,0,0,3.0,Traditional,6
55.0,0.8571428571428571,4.996697780745898,4,0,0,0,18.0,Traditional,6
60.0,2.263157894736842,5.339296402835788,6,0,0,0,43.0,Traditional,6
65.0,3.8636363636363638,2.726178107607449,12,0,0,0,85.0,Traditional,6
70.0,6.291666666666667,2.1453234069896063,15,0,0,0,151.0,Traditional,6
75.0,9.2,2.2829508621203165,17,0,0,0,230.0,Traditional,6
80.0,11.814814814814815,1.6406248239628087,19,0,0,0,319.0,Traditional,6
85.0,14.448275862068966,1.7283135626401844,21,0,0,0,419.0,Traditional,6
90.0,17.0,1.1792569950851572,22,0,0,0,527.0,Traditional,6
95.0,0.12903225806451613,6.861010256226917,3,0,0,0,4.0,Traditional,6
100.0,0.20689655172413793,5.537847058464525,2,0,0,0,6.0,Traditional,6
105.0,0.78125,5.536146113488117,9,0,0,0,25.0,Traditional,6
110.0,2.533333333333333,4.180812777242352,12,0,0,0,76.0,Traditional,6
115.0,4.4,3.971470975901989,15,0,0,0,132.0,Traditional,6
120.0,7.035714285714286,3.9012413103225003,14,0,0,0,197.0,Traditional,6
125.0,9.607142857142858,3.889700681564576,15,0,0,0,269.0,Traditional,6
130.0,11.862068965517242,4.061183601923595,15,0,0,0,344.0,Traditional,6
135.0,14.448275862068966,3.033641976590184,16,0,0,0,419.0,Traditional,6
140.0,0.3448275862068966,5.769602434589219,3,0,0,0,10.0,Traditional,6
145.0,1.037037037037037,4.236523167771956,5,0,0,0,28.0,Traditional,6
150.0,2.923076923076923,2.5834730027788066,12,0,0,0,76.0,Traditional,6
155.0,4.862068965517241,3.273737034976791,16,0,0,0,141.0,Traditional,6
160.0,7.290322580645161,2.2678009063325306,18,0,0,0,226.0,Traditional,6
165.0,10.0,1.5902641071899462,25,0,0,0,340.0,Traditional,6
170.0,13.428571428571429,1.2727522507031246,27,0,0,0,470.0,Traditional,6
175.0,16.263157894736842,0.8389547080167433,32,0,0,0,618.0,Traditional,6
180.0,19.5,1.2368750784755258,33,0,0,0,780.0,Traditional,6
185.0,0.1590909090909091,4.899098209228108,4,0,0,0,7.0,Traditional,6
190.0,0.6,5.57660623838745,7,0,0,0,27.0,Traditional,6
195.0,1.1702127659574468,4.667747233864442,14,0,0,0,55.0,Traditional,6
200.0,2.765957446808511,4.288520100282141,18,0,0,0,130.0,Traditional,6
205.0,5.066666666666666,3.8669510128362012,23,0,0,0,228.0,Traditional,6
210.0,7.276595744680851,3.128070339373091,25,0,0,0,342.0,Traditional,6
215.0,9.25,2.904206013875221,30,0,0,0,481.0,Traditional,6
220.0,11.25,2.903192961268544,34,0,0,0,630.0,Traditional,6
225.0,13.879310344827585,2.1601470511945307,39,0,0,0,805.0,Traditional,6
230.0,0.5245901639344263,4.681743448335047,9,0,0,0,32.0,Traditional,6
235.0,1.5573770491803278,4.394434813237906,16,0,0,0,95.0,Traditional,6
240.0,3.370967741935484,3.460176728377048,29,0,0,0,209.0,Traditional,6
245.0,5.609375,2.924806140030306,37,0,0,0,359.0,Traditional,6
250.0,8.212121212121213,1.9143000096352807,43,0,0,0,542.0,Traditional,6
255.0,11.455882352941176,1.2146218745614368,52,0,0,0,779.0,Traditional,6
260.0,14.416666666666666,1.2926499367770206,54,0,0,0,1038.0,Traditional,6
265.0,17.207792207792206,1.0592151356781923,61,0,0,0,1325.0,Traditional,6
270.0,20.5375,0.9500291854375135,67,0,0,0,1643.0,Traditional,6
275.0,0.14457831325301204,4.371771532828888,6,0,0,0,12.0,Traditional,6
280.0,0.6588235294117647,5.643971592581239,14,0,0,0,56.0,Traditional,6
285.0,1.8395061728395061,4.7162803071468495,23,0,0,0,149.0,Traditional,6
290.0,3.2222222222222223,4.221358096378364,33,0,0,0,261.0,Traditional,6
295.0,4.373493975903615,3.549088285319042,37,0,0,0,363.0,Traditional,6
300.0,6.08641975308642,4.338799152661762,32,0,0,0,493.0,Traditional,6
305.0,7.8604651162790695,3.6498367816017043,40,0,0,0,676.0,Traditional,6
310.0,10.232558139534884,4.105180514041169,42,0,0,0,880.0,Traditional,6
315.0,10.818181818181818,3.1674257011617883,43,0,0,0,952.0,Traditional,6
320.0,0.5172413793103449,4.612905763986685,13,0,0,0,45.0,Traditional,6
325.0,1.6,3.678383829121757,28,0,0,0,128.0,Traditional,6
330.0,3.670886075949367,3.445855153192606,38,0,0,0,290.0,Traditional,6
335.0,6.2025316455696204,2.618951327901086,48,0,0,0,490.0,Traditional,6
340.0,9.4625,1.6894417296177457,59,0,0,0,757.0,Traditional,6
345.0,12.761904761904763,0.9275159638601836,69,0,0,0,1072.0,Traditional,6
350.0,16.448275862068964,0.813176032283029,74,0,0,0,1431.0,Traditional,6
355.0,19.717391304347824,0.8197197919122126,79,0,0,0,1814.0,Traditional,6
360.0,22.721649484536083,0.8279380610396895,82,0,0,0,2204.0,Traditional,6
365.0,0.7156862745098039,4.041045946976135,14,0,0,0,73.0,Traditional,6
370.0,0.7352941176470589,5.316576879805169,17,0,0,0,75.0,Traditional,6
375.0,1.1981132075471699,4.769737412667414,24,0,0,0,127.0,Traditional,6
380.0,2.234234234234234,4.561329529652502,39,0,0,0,248.0,Traditional,6
385.0,3.211864406779661,4.061918000142537,41,0,0,0,379.0,Traditional,6
390.0,5.097345132743363,3.098934006253814,53,0,0,0,576.0,Traditional,6
395.0,7.405172413793103,2.846591500278832,61,0,0,0,859.0,Traditional,6
400.0,8.903225806451612,3.252153241437438,61,0,0,0,1104.0,Traditional,6
405.0,10.587301587301587,2.307717433937026,68,0,0,0,1334.0,Traditional,6
410.0,0.8650793650793651,3.5412172140023874,28,0,0,0,109.0,Traditional,6
415.0,1.5891472868217054,3.812070543585718,36,0,0,0,205.0,Traditional,6
420.0,2.984732824427481,3.3020721053237017,50,0,0,0,391.0,Traditional,6
425.0,4.970588235294118,2.865349293715872,66,0,0,0,676.0,Traditional,6
430.0,7.557142857142857,2.1341742824419185,86,0,0,0,1058.0,Traditional,6
435.0,10.5,1.5041353491900753,105,0,0,0,1533.0,Traditional,6
440.0,13.522875816993464,1.0329837994777638,118,0,0,0,2069.0,Traditional,6
445.0,16.41614906832298,1.0410590427152577,127,0,0,0,2643.0,Traditional,6
450.0,19.5207100591716,0.9258557098801204,139,0,0,0,3299.0,Traditional,6
455.0,3.9545454545454546,2.940566438847189,53,0,0,0,696.0,Traditional,6
460.0,2.8238636363636362,3.3941559562991213,50,0,0,0,497.0,Traditional,6
465.0,3.6228571428571428,2.8813931504700143,58,0,0,0,634.0,Traditional,6
470.0,5.141242937853107,2.7271916639455687,74,0,0,0,910.0,Traditional,6
475.0,7.170329670329671,2.281467261901008,93,0,0,0,1305.0,Traditional,6
480.0,9.425531914893616,2.2057880082169525,106,0,0,0,1772.0,Traditional,6
485.0,11.475675675675676,2.049432800755138,108,0,0,0,2123.0,Traditional,6
490.0,11.953367875647668,2.3833970647307594,101,0,0,0,2307.0,Traditional,6
495.0,13.757894736842106,2.0907433527832047,109,0,0,0,2614.0,Traditional,6
500.0,7.922279792746114,2.578698694363673,77,0,0,0,1529.0,Traditional,6
505.0,9.978947368421053,2.044943721669084,101,0,0,0,1896.0,Traditional,6
510.0,12.926701570680628,1.6207830818078095,128,0,0,0,2469.0,Traditional,6
515.0,15.454081632653061,1.1459027206008388,139,0,0,0,3029.0,Traditional,6
520.0,18.502463054187192,1.0590254186808272,154,0,0,0,3756.0,Traditional,6
525.0,22.214634146341464,0.7475238202585079,166,0,0,0,4554.0,Traditional,6
530.0,25.473933649289098,0.6762753906442108,174,0,0,0,5375.0,Traditional,6
535.0,29.577464788732396,0.4135555828776641,191,0,0,0,6300.0,Traditional,6
540.0,32.800904977375566,0.41546814927834497,198,0,0,0,7249.0,Traditional,6
5.0,0.0,3.602788128525329,1,0,0,0,0.0,Traditional,7
10.0,0.0,7.039015813608573,0,0,0,0,0.0,Traditional,7
15.0,0.0,6.745905319342226,1,0,0,0,0.0,Traditional,7
20.0,0.0,6.740465511456506,0,0,0,0,0.0,Traditional,7
25.0,1.0,6.081430944648857,4,0,0,0,13.0,Traditional,7
30.0,2.0,6.096346558897407,4,0,0,0,30.0,Traditional,7
35.0,3.1666666666666665,4.158230820980988,8,0,0,0,57.0,Traditional,7
40.0,5.111111111111111,5.217599027015274,7,0,0,0,92.0,Traditional,7
45.0,6.894736842105263,3.625824642697528,10,0,0,0,131.0,Traditional,7
50.0,0.21052631578947367,6.92908282354913,2,0,0,0,4.0,Traditional,7
55.0,0.65,5.64148093761539,4,0,0,0,13.0,Traditional,7
60.0,1.8095238095238095,5.776958700460976,6,0,0,0,38.0,Traditional,7
65.0,3.4761904761904763,4.199752468281791,10,0,0,0,73.0,Traditional,7
70.0,5.454545454545454,3.8850775199977794,10,0,0,0,120.0,Traditional,7
75.0,7.16,3.8593948933722726,13,0,0,0,179.0,Traditional,7
80.0,10.826086956521738,1.93873829394732,15,0,0,0,249.0,Traditional,7
85.0,12.692307692307692,1.7327164320922988,18,0,0,0,330.0,Traditional,7
90.0,15.214285714285714,1.3296464396813785,20,0,0,0,426.0,Traditional,7
95.0,0.16129032258064516,5.763807025511985,3,0,0,0,5.0,Traditional,7
100.0,0.16129032258064516,6.83144457256749,1,0,0,0,5.0,Traditional,7
105.0,0.8181818181818182,6.4451270081551675,8,0,0,0,27.0,Traditional,7
110.0,2.4375,5.064675062060683,11,0,0,0,78.0,Traditional,7
115.0,4.67741935483871,4.667358281317406,17,0,0,0,145.0,Traditional,7
120.0,6.566666666666666,3.562537767007958,15,0,0,0,197.0,Traditional,7
125.0,9.166666666666666,2.690296299387227,17,0,0,0,275.0,Traditional,7
130.0,12.033333333333333,2.976646719392591,18,0,0,0,361.0,Traditional,7
135.0,14.15625,2.5092426264909244,21,0,0,0,453.0,Traditional,7
140.0,0.3235294117647059,4.943311906606032,5,0,0,0,11.0,Traditional,7
145.0,1.3714285714285714,4.629797546379174,10,0,0,0,48.0,Traditional,7
150.0,3.0294117647058822,4.015982285891766,15,0,0,0,103.0,Traditional,7
155.0,6.0,2.327958553729118,21,0,0,0,192.0,Traditional,7
160.0,8.848484848484848,1.970883600495882,21,0,0,0,292.0,Traditional,7
165.0,11.514285714285714,2.3670480069720816,24,0,0,0,403.0,Traditional,7
170.0,14.38888888888889,2.684855219988906,23,0,0,0,518.0,Traditional,7
175.0,17.27027027027027,2.1699920102016828,26,0,0,0,639.0,Traditional,7
180.0,19.794871794871796,1.3314656633457507,27,0,0,0,772.0,Traditional,7
185.0,0.32558139534883723,5.532599068770224,8,0,0,0,14.0,Traditional,7
190.0,0.8636363636363636,5.574920927323938,9,0,0,0,38.0,Traditional,7
195.0,1.1020408163265305,5.302456054839627,12,0,0,0,54.0,Traditional,7
200.0,2.339622641509434,4.960162503658081,20,0,0,0,124.0,Traditional,7
205.0,4.294117647058823,4.5434223510958365,21,0,0,0,219.0,Traditional,7
210.0,6.2407407407407405,3.4233141669868448,29,0,0,0,337.0,Traditional,7
215.0,8.690909090909091,3.7733438118911105,30,0,0,0,478.0,Traditional,7
220.0,10.583333333333334,2.935803196156884,33,0,0,0,635.0,Traditional,7
225.0,12.34375,2.594668810598587,40,0,0,0,790.0,Traditional,7
230.0,0.6666666666666666,4.5326884348201295,9,0,0,0,44.0,Traditional,7
235.0,1.453125,5.174313520212683,14,0,0,0,93.0,Traditional,7
240.0,2.621212121212121,5.320208421982672,19,0,0,0,173.0,Traditional,7
245.0,4.67741935483871,3.8086511612912965,28,0,0,0,290.0,Traditional,7
250.0,6.968253968253968,3.072414779862202,32,0,0,0,439.0,Traditional,7
255.0,10.229508196721312,2.1138137789457616,41,0,0,0,624.0,Traditional,7
260.0,13.061538461538461,1.2288229614257271,48,0,0,0,849.0,Traditional,7
265.0,15.647058823529411,1.9517718552548942,52,0,0,0,1064.0,Traditional,7
270.0,18.690140845070424,1.295210266307748,56,0,0,0,1327.0,Traditional,7
275.0,0.22972972972972974,3.749402312533586,10,0,0,0,17.0,Traditional,7
280.0,1.36986301369863,4.759334689716397,21,0,0,0,100.0,Traditional,7
285.0,2.810810810810811,3.9250345044762835,28,0,0,0,208.0,Traditional,7
290.0,3.5945945945945947,3.5879619845020674,33,0,0,0,266.0,Traditional,7
295.0,4.2727272727272725,3.7509220318233196,30,0,0,0,329.0,Traditional,7
300.0,6.526315789473684,3.5572738222691855,38,0,0,0,496.0,Traditional,7
305.0,8.447368421052632,2.4078106477782204,44,0,0,0,642.0,Traditional,7
310.0,11.051282051282051,2.6662441115047457,47,0,0,0,862.0,Traditional,7
315.0,13.023809523809524,1.7313218528090872,57,0,0,0,1094.0,Traditional,7
320.0,1.367816091954023,3.7645423388526287,18,0,0,0,119.0,Traditional,7
325.0,1.7613636363636365,4.310768764267471,23,0,0,0,155.0,Traditional,7
330.0,3.4482758620689653,4.048481017368989,37,0,0,0,300.0,Traditional,7
335.0,5.9879518072289155,3.0928771713886882,44,0,0,0,497.0,Traditional,7
340.0,8.880952380952381,2.0579222391543204,56,0,0,0,746.0,Traditional,7
345.0,12.282352941176471,1.3782621859574191,62,0,0,0,1044.0,Traditional,7
350.0,15.382022471910112,1.2200287038485873,69,0,0,0,1369.0,Traditional,7
355.0,18.49462365591398,1.3634587895511345,75,0,0,0,1720.0,Traditional,7
360.0,21.833333333333332,1.1222015216089385,80,0,0,0,2096.0,Traditional,7
365.0,0.5841584158415841,4.34298711127884,13,0,0,0,59.0,Traditional,7
370.0,0.9072164948453608,4.560663052901482,24,0,0,0,88.0,Traditional,7
375.0,1.3980582524271845,4.770709273804614,29,0,0,0,144.0,Traditional,7
380.0,2.3846153846153846,3.9769431912001543,38,0,0,0,248.0,Traditional,7
385.0,3.6486486486486487,3.183619051055675,52,0,0,0,405.0,Traditional,7
390.0,4.584070796460177,2.8600710725513245,49,0,0,0,518.0,Traditional,7
395.0,6.128205128205129,2.893221458282651,55,0,0,0,717.0,Traditional,7
400.0,8.058333333333334,2.737554571209009,64,0,0,0,967.0,Traditional,7
405.0,10.12,2.4790217914449144,71,0,0,0,1265.0,Traditional,7
410.0,4.346153846153846,2.9058576513231062,47,0,0,0,565.0,Traditional,7
415.0,5.795454545454546,2.7706574719044648,67,0,0,0,765.0,Traditional,7
420.0,7.518248175182482,2.498282742509398,79,0,0,0,1030.0,Traditional,7
425.0,10.36231884057971,1.8153422103936356,91,0,0,0,1430.0,Traditional,7
430.0,13.172413793103448,1.4784403647539268,110,0,0,0,1910.0,Traditional,7
435.0,16.516778523489933,1.3014176392603671,121,0,0,0,2461.0,Traditional,7
440.0,20.06578947368421,0.9430792790040406,127,0,0,0,3050.0,Traditional,7
445.0,23.044025157232703,1.0600432392025199,131,0,0,0,3664.0,Traditional,7
450.0,25.74251497005988,1.0725071828180954,133,0,0,0,4299.0,Traditional,7
455.0,10.88953488372093,2.2318794801497175,77,0,0,0,1873.0,Traditional,7
460.0,12.31638418079096,2.20318461704079,94,0,0,0,2180.0,Traditional,7
465.0,14.010695187165775,2.0669526103056537,110,0,0,0,2620.0,Traditional,7
470.0,16.56544502617801,1.6453815013770097,129,0,0,0,3164.0,Traditional,7
475.0,19.0,1.4766262678468254,137,0,0,0,3724.0,Traditional,7
480.0,21.736318407960198,1.182612388990216,150,0,0,0,4369.0,Traditional,7
485.0,24.401913875598087,1.0886258097804105,167,0,0,0,5100.0,Traditional,7
490.0,27.40552995391705,1.1051437201567333,177,0,0,0,5947.0,Traditional,7
495.0,30.586363636363636,0.9090590364497291,181,0,0,0,6729.0,Traditional,7
500.0,27.058035714285715,1.341825891865074,148,0,0,0,6061.0,Traditional,7
505.0,29.92543859649123,1.5230894722251416,160,0,0,0,6823.0,Traditional,7
510.0,32.44155844155844,1.5704010038034728,167,0,0,0,7494.0,Traditional,7
515.0,35.4936170212766,1.1515163004654796,181,0,0,0,8341.0,Traditional,7
520.0,38.21900826446281,0.8281596665159319,198,0,0,0,9249.0,Traditional,7
525.0,41.473684210526315,0.722542800485687,210,0,0,0,10244.0,Traditional,7
530.0,44.125984251968504,0.7407777068038591,215,0,0,0,11208.0,Traditional,7
535.0,47.27307692307692,0.6431255966716448,226,0,0,0,12291.0,Traditional,7
540.0,50.67169811320755,0.44614630531533234,237,0,0,0,13428.0,Traditional,7
5.0,0.0,4.174126200393463,1,0,0,0,0.0,Traditional,8
10.0,0.0,5.6357490347629176,0,0,0,0,0.0,Traditional,8
15.0,0.0,6.431297495333047,1,0,0,0,0.0,Traditional,8
20.0,0.4444444444444444,5.405890781342282,2,0,0,0,4.0,Traditional,8
25.0,1.1666666666666667,5.696039620063041,3,0,0,0,14.0,Traditional,8
30.0,1.8461538461538463,7.161083299800624,2,0,0,0,24.0,Traditional,8
35.0,2.2666666666666666,5.3442085943937805,3,0,0,0,34.0,Traditional,8
40.0,3.5625,3.823546988781761,5,0,0,0,57.0,Traditional,8
45.0,5.333333333333333,2.504881503450753,10,0,0,0,96.0,Traditional,8
50.0,0.1,6.083616670668851,1,0,0,0,2.0,Traditional,8
55.0,0.3333333333333333,5.23928731046765,2,0,0,0,7.0,Traditional,8
60.0,1.4761904761904763,4.787736474590586,8,0,0,0,31.0,Traditional,8
65.0,3.125,3.632028559834694,11,0,0,0,75.0,Traditional,8
70.0,5.541666666666667,3.318669874493177,13,0,0,0,133.0,Traditional,8
75.0,7.666666666666667,2.7763261028775568,17,0,0,0,207.0,Traditional,8
80.0,10.607142857142858,1.686744680483778,20,0,0,0,297.0,Traditional,8
85.0,13.266666666666667,1.7036845437770343,22,0,0,0,398.0,Traditional,8
90.0,17.1,0.8711974764579341,24,0,0,0,513.0,Traditional,8
95.0,0.09090909090909091,6.701814433114311,2,0,0,0,3.0,Traditional,8
100.0,0.0,6.551902426714838,0,0,0,0,0.0,Traditional,8
105.0,0.7241379310344828,6.1508873356659,6,0,0,0,21.0,Traditional,8
110.0,2.074074074074074,5.692060754547672,9,0,0,0,56.0,Traditional,8
115.0,3.5357142857142856,4.33717493517801,11,0,0,0,99.0,Traditional,8
120.0,5.448275862068965,4.403890565780829,12,0,0,0,158.0,Traditional,8
125.0,7.129032258064516,5.021691431316193,14,0,0,0,221.0,Traditional,8
130.0,9.3125,3.735031046509236,17,0,0,0,298.0,Traditional,8
135.0,12.866666666666667,2.5240921788048336,20,0,0,0,386.0,Traditional,8
140.0,0.03333333333333333,6.494423797420458,1,0,0,0,1.0,Traditional,8
145.0,0.48148148148148145,5.37417372622477,5,0,0,0,13.0,Traditional,8
150.0,1.7777777777777777,4.62413392296365,8,0,0,0,48.0,Traditional,8
155.0,4.153846153846154,3.006823174600103,15,0,0,0,108.0,Traditional,8
160.0,6.777777777777778,2.5320693666885976,17,0,0,0,183.0,Traditional,8
165.0,9.678571428571429,2.2410798611263414,19,0,0,0,271.0,Traditional,8
170.0,13.407407407407407,1.7234801065833463,19,0,0,0,362.0,Traditional,8
175.0,15.433333333333334,1.3498381537335074,22,0,0,0,463.0,Traditional,8
180.0,17.9375,1.4612785531684505,23,0,0,0,574.0,Traditional,8
185.0,0.08333333333333333,5.667183116655838,2,0,0,0,3.0,Traditional,8
190.0,0.21212121212121213,5.826711188693528,2,0,0,0,7.0,Traditional,8
195.0,0.9117647058823529,6.215963696266903,7,0,0,0,31.0,Traditional,8
200.0,1.911764705882353,4.579557924099754,11,0,0,0,65.0,Traditional,8
205.0,3.878787878787879,4.2879711666438745,14,0,0,0,128.0,Traditional,8
210.0,5.722222222222222,3.458475884337583,18,0,0,0,206.0,Traditional,8
215.0,7.219512195121951,3.6814394017390293,20,0,0,0,296.0,Traditional,8
220.0,9.476190476190476,3.233939521794691,22,0,0,0,398.0,Traditional,8
225.0,10.914893617021276,3.6323168089084406,25,0,0,0,513.0,Traditional,8
230.0,0.44680851063829785,4.032421491912013,10,0,0,0,21.0,Traditional,8
235.0,1.553191489361702,4.366655512435928,14,0,0,0,73.0,Traditional,8
240.0,3.04,4.143126978072452,19,0,0,0,152.0,Traditional,8
245.0,4.685185185185185,3.4296647476219153,23,0,0,0,253.0,Traditional,8
250.0,6.672413793103448,2.8414298933419073,31,0,0,0,387.0,Traditional,8
255.0,9.311475409836065,2.2604040714769953,40,0,0,0,568.0,Traditional,8
260.0,12.234375,1.864041757422116,47,0,0,0,783.0,Traditional,8
265.0,15.194029850746269,1.9278085727083736,48,0,0,0,1018.0,Traditional,8
270.0,17.52777777777778,1.308860279513046,52,0,0,0,1262.0,Traditional,8
275.0,0.19736842105263158,4.662488007437236,6,0,0,0,15.0,Traditional,8
280.0,0.5972222222222222,5.676034032166778,11,0,0,0,43.0,Traditional,8
285.0,1.542857142857143,4.909014787685213,22,0,0,0,108.0,Traditional,8
290.0,3.380281690140845,3.747666109092712,30,0,0,0,240.0,Traditional,8
295.0,5.457142857142857,3.70987473343142,36,0,0,0,382.0,Traditional,8
300.0,7.647887323943662,3.4783098387611924,37,0,0,0,543.0,Traditional,8
305.0,8.746478873239436,2.905466057094125,35,0,0,0,621.0,Traditional,8
310.0,10.95890410958904,2.656667582345517,40,0,0,0,800.0,Traditional,8
315.0,13.64864864864865,2.1914110769037776,49,0,0,0,1010.0,Traditional,8
320.0,0.6027397260273972,4.487062702635671,10,0,0,0,44.0,Traditional,8
325.0,1.619718309859155,4.664556422424691,18,0,0,0,115.0,Traditional,8
330.0,3.028169014084507,4.372263367280843,26,0,0,0,215.0,Traditional,8
335.0,5.142857142857143,2.8839209717708134,35,0,0,0,360.0,Traditional,8
340.0,7.791666666666667,2.6091050548800396,45,0,0,0,561.0,Traditional,8
345.0,10.98611111111111,2.0977093483363762,49,0,0,0,791.0,Traditional,8
350.0,13.946666666666667,1.9338455088905868,54,0,0,0,1046.0,Traditional,8
355.0,16.72151898734177,1.5236997359657776,58,0,0,0,1321.0,Traditional,8
360.0,19.804878048780488,0.7883050908756967,65,0,0,0,1624.0,Traditional,8
365.0,0.9213483146067416,4.504766429419536,14,0,0,0,82.0,Traditional,8
370.0,0.7032967032967034,5.045931154154279,12,0,0,0,64.0,Traditional,8
375.0,1.6888888888888889,4.132932409448348,26,0,0,0,152.0,Traditional,8
380.0,2.2444444444444445,4.20578388088531,29,0,0,0,202.0,Traditional,8
385.0,3.7263157894736842,3.611160755562647,37,0,0,0,354.0,Traditional,8
390.0,5.598039215686274,3.332024024744301,55,0,0,0,571.0,Traditional,8
395.0,7.869158878504673,3.1219515889719127,60,0,0,0,842.0,Traditional,8
400.0,10.09009009009009,2.6426963879468577,69,0,0,0,1120.0,Traditional,8
405.0,12.791304347826086,1.978973118092092,73,0,0,0,1471.0,Traditional,8
410.0,0.6198347107438017,3.7440954325432636,20,0,0,0,75.0,Traditional,8
415.0,1.2521008403361344,4.283200868241115,29,0,0,0,149.0,Traditional,8
420.0,2.504201680672269,3.415536533757634,40,0,0,0,298.0,Traditional,8
425.0,4.235772357723577,2.8589942119074205,56,0,0,0,521.0,Traditional,8
430.0,6.5528455284552845,2.0893945126606024,71,0,0,0,806.0,Traditional,8
435.0,9.0,2.343929040444261,76,0,0,0,1143.0,Traditional,8
440.0,10.895522388059701,1.8467715695861602,86,0,0,0,1460.0,Traditional,8
445.0,13.802919708029197,1.864179712360369,92,0,0,0,1891.0,Traditional,8
450.0,16.21917808219178,1.2115830664259297,109,0,0,0,2368.0,Traditional,8
455.0,2.562913907284768,3.1985439582045907,40,0,0,0,387.0,Traditional,8
460.0,2.8917197452229297,3.2082299577599453,63,0,0,0,454.0,Traditional,8
465.0,4.433962264150943,2.9250470936633333,72,0,0,0,705.0,Traditional,8
470.0,6.214285714285714,2.5544808896745024,77,0,0,0,957.0,Traditional,8
475.0,7.367088607594937,2.491531306100892,75,0,0,0,1164.0,Traditional,8
480.0,9.15,2.9331712955147107,77,0,0,0,1464.0,Traditional,8
485.0,11.012121212121212,2.6189237759883572,82,0,0,0,1817.0,Traditional,8
490.0,13.398809523809524,2.233443396602089,99,0,0,0,2251.0,Traditional,8
495.0,15.522988505747126,1.791414421917608,104,0,0,0,2701.0,Traditional,8
500.0,5.088888888888889,2.612493117976608,55,0,0,0,916.0,Traditional,8
505.0,6.194444444444445,2.7524042214531685,82,0,0,0,1115.0,Traditional,8
510.0,5.540983606557377,1.9665288533909102,95,0,0,0,1014.0,Traditional,8
515.0,8.308108108108108,1.4610403833469718,119,0,0,0,1537.0,Traditional,8
520.0,10.637755102040817,1.4967455004054806,140,0,0,0,2085.0,Traditional,8
525.0,13.746268656716419,1.1134010545231499,151,0,0,0,2763.0,Traditional,8
530.0,16.72037914691943,1.1380898815477272,166,0,0,0,3528.0,Traditional,8
535.0,18.812785388127853,0.7845326704270739,169,0,0,0,4120.0,Traditional,8
540.0,21.88,0.807377635790571,183,0,0,0,4923.0,Traditional,8
5.0,0.0,2.6179810028212764,1,0,0,0,0.0,Traditional,9
10.0,0.0,5.9327252671830975,0,0,0,0,0.0,Traditional,9
15.0,0.0,7.500764615004092,1,0,0,0,0.0,Traditional,9
20.0,0.0,5.263894917696375,0,0,0,0,0.0,Traditional,9
25.0,0.3333333333333333,5.080100429331687,2,0,0,0,4.0,Traditional,9
30.0,1.2857142857142858,4.434323836704767,4,0,0,0,18.0,Traditional,9
35.0,2.9375,3.5910441665182122,8,0,0,0,47.0,Traditional,9
40.0,5.0,4.1115827979161175,9,0,0,0,85.0,Traditional,9
45.0,6.578947368421052,3.196266381944491,9,0,0,0,125.0,Traditional,9
50.0,0.6,5.050783988892972,4,0,0,0,12.0,Traditional,9
55.0,1.2608695652173914,3.4974244173005977,7,0,0,0,29.0,Traditional,9
60.0,3.5652173913043477,3.485459763826368,13,0,0,0,82.0,Traditional,9
65.0,5.730769230769231,3.4453187242715364,16,0,0,0,149.0,Traditional,9
70.0,8.142857142857142,2.302805317313404,18,0,0,0,228.0,Traditional,9
75.0,10.793103448275861,3.345684435739775,18,0,0,0,313.0,Traditional,9
80.0,14.5,1.9263287751745408,20,0,0,0,406.0,Traditional,9
85.0,17.1,1.010740287406261,24,0,0,0,513.0,Traditional,9
90.0,19.875,0.8757314204546962,26,0,0,0,636.0,Traditional,9
95.0,0.3142857142857143,6.05114562431049,5,0,0,0,11.0,Traditional,9
100.0,0.7096774193548387,7.248855574621758,4,0,0,0,22.0,Traditional,9
105.0,0.84375,6.570133087398565,6,0,0,0,27.0,Traditional,9
110.0,2.03125,5.542174754455446,10,0,0,0,65.0,Traditional,9
115.0,3.903225806451613,4.078508073392431,13,0,0,0,121.0,Traditional,9
120.0,5.967741935483871,4.093432581712229,14,0,0,0,185.0,Traditional,9
125.0,8.225806451612904,4.336709318305297,16,0,0,0,255.0,Traditional,9
130.0,11.066666666666666,3.5758665117048616,16,0,0,0,332.0,Traditional,9
135.0,12.606060606060606,3.6403974153438385,18,0,0,0,416.0,Traditional,9
140.0,0.5,5.044520741157594,7,0,0,0,16.0,Traditional,9
145.0,1.7941176470588236,4.3268892564440975,11,0,0,0,61.0,Traditional,9
150.0,3.7714285714285714,4.347280867139159,15,0,0,0,132.0,Traditional,9
155.0,5.0,3.33462663687968,19,0,0,0,185.0,Traditional,9
160.0,7.891891891891892,2.477733643333547,24,0,0,0,292.0,Traditional,9
165.0,11.486486486486486,1.6109378516795767,29,0,0,0,425.0,Traditional,9
170.0,14.894736842105264,1.3698080787063978,29,0,0,0,566.0,Traditional,9
175.0,17.95,1.147530236833202,32,0,0,0,718.0,Traditional,9
180.0,21.071428571428573,1.2489533368987054,34,0,0,0,885.0,Traditional,9
185.0,0.30434782608695654,4.7731209244322494,4,0,0,0,14.0,Traditional,9
190.0,0.37777777777777777,6.23220502136045,3,0,0,0,17.0,Traditional,9
195.0,1.2222222222222223,4.530208033657438,11,0,0,0,55.0,Traditional,9
200.0,2.510204081632653,4.312825928811844,18,0,0,0,123.0,Traditional,9
205.0,4.16,4.7821464911514076,19,0,0,0,208.0,Traditional,9
210.0,6.196078431372549,4.419032051117705,23,0,0,0,316.0,Traditional,9
215.0,6.865384615384615,3.791447177088844,27,0,0,0,357.0,Traditional,9
220.0,9.11111111111111,3.0687256713959075,28,0,0,0,492.0,Traditional,9
225.0,11.175438596491228,2.947870483038574,32,0,0,0,637.0,Traditional,9
230.0,0.26785714285714285,5.2287368800397145,6,0,0,0,15.0,Traditional,9
235.0,0.9454545454545454,4.35549349447808,11,0,0,0,52.0,Traditional,9
240.0,2.2363636363636363,4.405758407722546,18,0,0,0,123.0,Traditional,9
245.0,3.966666666666667,3.418439370919279,29,0,0,0,238.0,Traditional,9
250.0,6.265625,2.792127800285629,38,0,0,0,401.0,Traditional,9
255.0,8.985074626865671,1.9155913941726235,42,0,0,0,602.0,Traditional,9
260.0,11.73611111111111,1.238674078521211,54,0,0,0,845.0,Traditional,9
265.0,14.474358974358974,1.5564477937018983,60,0,0,0,1129.0,Traditional,9
270.0,17.51851851851852,1.436978019807804,60,0,0,0,1419.0,Traditional,9
275.0,0.569620253164557,4.149993457961607,13,0,0,0,45.0,Traditional,9
280.0,1.0,4.453087374087285,17,0,0,0,79.0,Traditional,9
285.0,1.7341772151898733,4.070960398746259,27,0,0,0,137.0,Traditional,9
290.0,3.5060240963855422,3.4505446460133395,35,0,0,0,291.0,Traditional,9
295.0,5.843373493975903,3.256011511693585,43,0,0,0,485.0,Traditional,9
300.0,8.4875,3.1910480994526753,50,0,0,0,679.0,Traditional,9
305.0,11.721518987341772,2.1606481158633577,50,0,0,0,926.0,Traditional,9
310.0,13.662650602409638,2.4926500175414232,55,0,0,0,1134.0,Traditional,9
315.0,16.430232558139537,2.320783911413967,60,0,0,0,1413.0,Traditional,9
320.0,11.305882352941177,2.7761398232362766,39,0,0,0,961.0,Traditional,9
325.0,12.851851851851851,2.60526683447274,42,0,0,0,1041.0,Traditional,9
330.0,14.154761904761905,3.4872126992779084,40,0,0,0,1189.0,Traditional,9
335.0,16.51764705882353,2.9354432854526316,48,0,0,0,1404.0,Traditional,9
340.0,18.831460674157302,1.6170976513311168,61,0,0,0,1676.0,Traditional,9
345.0,21.666666666666668,1.4671342149215871,72,0,0,0,2015.0,Traditional,9
350.0,24.760416666666668,1.0925045005902083,78,0,0,0,2377.0,Traditional,9
355.0,28.1010101010101,1.0786208257852652,84,0,0,0,2782.0,Traditional,9
360.0,31.24271844660194,0.6593523331453316,92,0,0,0,3218.0,Traditional,9
365.0,22.46788990825688,2.4601504531308485,54,0,0,0,2449.0,Traditional,9
370.0,24.026785714285715,2.8466318071582726,59,0,0,0,2691.0,Traditional,9
375.0,25.387931034482758,2.9564916816515483,62,0,0,0,2945.0,Traditional,9
380.0,27.107438016528924,1.9335321138537076,75,0,0,0,3280.0,Traditional,9
385.0,28.828125,1.958108687170664,89,0,0,0,3690.0,Traditional,9
390.0,31.225563909774436,1.655597981472783,98,0,0,0,4153.0,Traditional,9
395.0,33.32142857142857,1.5197847325849232,107,0,0,0,4665.0,Traditional,9
400.0,35.45890410958904,1.7793747882172923,112,0,0,0,5177.0,Traditional,9
405.0,37.624161073825505,1.5636269748612572,111,0,0,0,5606.0,Traditional,9
410.0,35.12987012987013,1.7951859910679757,96,0,0,0,5410.0,Traditional,9
415.0,36.54320987654321,1.6988414557691707,111,0,0,0,5920.0,Traditional,9
420.0,38.720238095238095,1.349316173244698,125,0,0,0,6505.0,Traditional,9
425.0,39.58659217877095,1.4194957850526555,133,0,0,0,7086.0,Traditional,9
430.0,41.53225806451613,1.0583504145862392,144,0,0,0,7725.0,Traditional,9
435.0,43.15816326530612,1.071870443774135,156,0,0,0,8459.0,Traditional,9
440.0,45.63054187192118,0.9120559171821835,169,0,0,0,9263.0,Traditional,9
445.0,47.79245283018868,0.8521689535365726,182,0,0,0,10132.0,Traditional,9
450.0,50.83410138248848,0.5596733250743526,188,0,0,0,11031.0,Traditional,9
455.0,45.45291479820628,1.5565859874800927,137,0,0,0,10136.0,Traditional,9
460.0,47.96,1.609061850723873,156,0,0,0,10791.0,Traditional,9
465.0,51.01762114537445,1.3709620360631949,172,0,0,0,11581.0,Traditional,9
470.0,53.777292576419214,0.9377951167480383,177,0,0,0,12315.0,Traditional,9
475.0,56.166666666666664,0.964231879708819,187,0,0,0,13143.0,Traditional,9
480.0,58.78661087866109,0.8127549735687949,201,0,0,0,14050.0,Traditional,9
485.0,61.06910569105691,0.6681440134052997,213,0,0,0,15023.0,Traditional,9
490.0,64.32,0.6470144844352652,221,0,0,0,16080.0,Traditional,9
495.0,67.25390625,0.3996065328729827,234,0,0,0,17217.0,Traditional,9
500.0,66.95769230769231,0.6686737320464643,218,0,0,0,17409.0,Traditional,9
505.0,70.47709923664122,0.5420499562739335,230,0,0,0,18465.0,Traditional,9
510.0,73.53183520599251,0.5047686971869286,239,0,0,0,19633.0,Traditional,9
515.0,75.81454545454545,0.4500261666049875,251,0,0,0,20849.0,Traditional,9
520.0,78.94285714285714,0.3852033669640772,257,0,0,0,22104.0,Traditional,9
525.0,81.87412587412588,0.19918709051343636,268,0,0,0,23416.0,Traditional,9
530.0,84.8972602739726,0.15988654463316088,280,0,0,0,24790.0,Traditional,9
535.0,89.42662116040955,0.09730867912616895,285,0,0,0,26202.0,Traditional,9
540.0,92.75084175084174,0.15165934087341382,283,0,0,0,27547.0,Traditional,9
5.0,0.0,4.1287065473695606,1,0,0,0,0.0,Traditional,10
10.0,0.0,5.714093986506585,0,0,0,0,0.0,Traditional,10
15.0,0.0,8.322639451281189,1,0,0,0,0.0,Traditional,10
20.0,0.3,6.580025490566082,1,0,0,0,3.0,Traditional,10
25.0,1.0833333333333333,4.985103322544451,4,0,0,0,13.0,Traditional,10
30.0,2.642857142857143,3.1689170231999872,6,0,0,0,37.0,Traditional,10
35.0,4.3125,2.292397396497719,8,0,0,0,69.0,Traditional,10
40.0,6.647058823529412,3.058817922128129,9,0,0,0,113.0,Traditional,10
45.0,7.95,3.4307906342984453,11,0,0,0,159.0,Traditional,10
50.0,0.09523809523809523,5.927754354574781,2,0,0,0,2.0,Traditional,10
55.0,0.875,4.655136343933008,5,0,0,0,21.0,Traditional,10
60.0,2.185185185185185,4.3966228386546975,9,0,0,0,59.0,Traditional,10
65.0,4.068965517241379,3.463021138195643,14,0,0,0,118.0,Traditional,10
70.0,6.4,3.398052759097603,16,0,0,0,192.0,Traditional,10
75.0,9.064516129032258,2.7008327908089536,21,0,0,0,281.0,Traditional,10
80.0,12.03125,1.7604532281930096,22,0,0,0,385.0,Traditional,10
85.0,14.514285714285714,1.3904079007129688,27,0,0,0,508.0,Traditional,10
90.0,17.43243243243243,0.9378701407373684,28,0,0,0,645.0,Traditional,10
95.0,0.20512820512820512,5.713009753286244,4,0,0,0,8.0,Traditional,10
100.0,0.45,7.313569321699726,3,0,0,0,18.0,Traditional,10
105.0,1.1219512195121952,5.7541484533544365,9,0,0,0,46.0,Traditional,10
110.0,2.525,5.393272027913094,13,0,0,0,101.0,Traditional,10
115.0,4.631578947368421,4.445205761494332,17,0,0,0,176.0,Traditional,10
120.0,7.135135135135135,4.525936321582376,18,0,0,0,264.0,Traditional,10
125.0,9.972222222222221,2.887211213441908,21,0,0,0,359.0,Traditional,10
130.0,12.916666666666666,2.5636909497395464,23,0,0,0,465.0,Traditional,10
135.0,15.421052631578947,2.1868414434080083,26,0,0,0,586.0,Traditional,10
140.0,0.25,5.40188928174076,3,0,0,0,9.0,Traditional,10
145.0,1.2058823529411764,4.0340846426618135,9,0,0,0,41.0,Traditional,10
150.0,1.8055555555555556,4.565860100466732,10,0,0,0,65.0,Traditional,10
155.0,3.2432432432432434,3.793087134622819,14,0,0,0,120.0,Traditional,10
160.0,5.583333333333333,3.83293130955642,18,0,0,0,201.0,Traditional,10
165.0,8.162162162162161,2.3970540764329096,23,0,0,0,302.0,Traditional,10
170.0,10.820512820512821,2.7895422868502786,25,0,0,0,422.0,Traditional,10
175.0,13.439024390243903,2.7556791192739785,27,0,0,0,551.0,Traditional,10
180.0,16.357142857142858,2.2080430626271346,28,0,0,0,687.0,Traditional,10
185.0,0.2222222222222222,5.439132841785957,4,0,0,0,10.0,Traditional,10
190.0,0.5416666666666666,6.476743494267963,5,0,0,0,26.0,Traditional,10
195.0,1.1764705882352942,5.309853174197241,13,0,0,0,60.0,Traditional,10
200.0,2.7755102040816326,4.578714355236702,20,0,0,0,136.0,Traditional,10
205.0,4.8,3.7626782542394324,24,0,0,0,240.0,Traditional,10
210.0,7.0,3.508548208216823,30,0,0,0,378.0,Traditional,10
215.0,9.421052631578947,3.260276352820681,34,0,0,0,537.0,Traditional,10
220.0,11.883333333333333,2.6323182834521304,38,0,0,0,713.0,Traditional,10
225.0,14.64516129032258,2.085644629997811,41,0,0,0,908.0,Traditional,10
230.0,0.14285714285714285,5.326355915279929,4,0,0,0,9.0,Traditional,10
235.0,0.6935483870967742,5.22059382270628,12,0,0,0,43.0,Traditional,10
240.0,1.8636363636363635,3.968199243535294,21,0,0,0,123.0,Traditional,10
245.0,3.6,2.585939283837406,39,0,0,0,252.0,Traditional,10
250.0,5.797297297297297,2.2414996360725787,43,0,0,0,429.0,Traditional,10
255.0,8.61038961038961,2.149782033841471,52,0,0,0,663.0,Traditional,10
260.0,11.444444444444445,2.0411446566299833,55,0,0,0,927.0,Traditional,10
265.0,14.476190476190476,1.631611362803229,63,0,0,0,1216.0,Traditional,10
270.0,17.941860465116278,1.0292553453178264,67,0,0,0,1543.0,Traditional,10
275.0,0.375,4.1122628300891835,14,0,0,0,33.0,Traditional,10
280.0,1.1348314606741574,5.072297680868421,17,0,0,0,101.0,Traditional,10
285.0,2.1264367816091956,5.351245744764937,25,0,0,0,185.0,Traditional,10
290.0,2.8117647058823527,4.579806435522022,28,0,0,0,239.0,Traditional,10
295.0,4.261904761904762,3.844979989175609,37,0,0,0,358.0,Traditional,10
300.0,6.590361445783133,3.270018967060437,45,0,0,0,547.0,Traditional,10
305.0,9.385542168674698,2.7495992378099086,51,0,0,0,779.0,Traditional,10
310.0,12.481927710843374,2.432002915439304,54,0,0,0,1036.0,Traditional,10
315.0,14.477272727272727,2.0611129333696105,56,0,0,0,1274.0,Traditional,10
320.0,1.1318681318681318,4.418378807292102,15,0,0,0,103.0,Traditional,10
325.0,2.0689655172413794,4.199651920783551,25,0,0,0,180.0,Traditional,10
330.0,3.7444444444444445,3.354635748283275,40,0,0,0,337.0,Traditional,10
335.0,5.617977528089888,2.553583007181832,47,0,0,0,500.0,Traditional,10
340.0,8.681818181818182,1.9728369711394578,58,0,0,0,764.0,Traditional,10
345.0,11.279569892473118,1.5299783505956748,66,0,0,0,1049.0,Traditional,10
350.0,14.552083333333334,1.356922596804542,73,0,0,0,1397.0,Traditional,10
355.0,17.939393939393938,1.1930294870327383,79,0,0,0,1776.0,Traditional,10
360.0,21.313725490196077,0.825524940743443,83,0,0,0,2174.0,Traditional,10
365.0,0.5321100917431193,2.9442518012457017,19,0,0,0,58.0,Traditional,10
370.0,1.490909090909091,4.367242699347083,33,0,0,0,164.0,Traditional,10
375.0,2.2767857142857144,3.778950041957937,37,0,0,0,255.0,Traditional,10
380.0,3.3529411764705883,3.388976587871867,48,0,0,0,399.0,Traditional,10
385.0,4.267716535433071,2.7803647814487005,61,0,0,0,542.0,Traditional,10
390.0,5.170542635658915,3.0296916962388503,53,0,0,0,667.0,Traditional,10
395.0,6.443609022556391,2.8687304279954398,60,0,0,0,857.0,Traditional,10
400.0,7.885714285714286,2.6401760678689334,69,0,0,0,1104.0,Traditional,10
405.0,9.687943262411348,1.8807856033308095,76,0,0,0,1366.0,Traditional,10
410.0,2.348993288590604,2.968948494098342,51,0,0,0,350.0,Traditional,10
415.0,3.87248322147651,3.0420922681663556,62,0,0,0,577.0,Traditional,10
420.0,5.784810126582278,2.283617731531048,84,0,0,0,914.0,Traditional,10
425.0,8.315151515151515,1.9460208314206586,107,0,0,0,1372.0,Traditional,10
430.0,11.411764705882353,1.4327806292215788,126,0,0,0,1940.0,Traditional,10
435.0,14.634285714285713,1.0742465070020848,137,0,0,0,2561.0,Traditional,10
440.0,17.566666666666666,0.6252961023759533,145,0,0,0,3162.0,Traditional,10
445.0,20.361256544502616,0.8392527368701496,155,0,0,0,3889.0,Traditional,10
450.0,23.20603015075377,0.7044390620060681,160,0,0,0,4618.0,Traditional,10
455.0,10.796019900497512,2.0239482066511076,90,0,0,0,2170.0,Traditional,10
460.0,10.01980198019802,2.1591755000492254,104,0,0,0,2024.0,Traditional,10
465.0,12.099009900990099,1.744518049916068,116,0,0,0,2444.0,Traditional,10
470.0,14.629807692307692,1.868110530966311,137,0,0,0,3043.0,Traditional,10
475.0,16.49056603773585,1.5880178630014656,129,0,0,0,3496.0,Traditional,10
480.0,18.746543778801843,1.411207404850538,145,0,0,0,4068.0,Traditional,10
485.0,21.373333333333335,1.0369271033227836,162,0,0,0,4809.0,Traditional,10
490.0,24.004310344827587,1.0219094169318144,175,0,0,0,5569.0,Traditional,10
495.0,26.966244725738395,0.7623927726329781,186,0,0,0,6391.0,Traditional,10
500.0,24.331967213114755,0.8710831262451502,178,0,0,0,5937.0,Traditional,10
505.0,26.111553784860558,0.8537414856067465,187,0,0,0,6554.0,Traditional,10
510.0,28.85546875,0.8965745596570082,198,0,0,0,7387.0,Traditional,10
515.0,30.90494296577947,0.7358526447077847,207,0,0,0,8128.0,Traditional,10
520.0,34.333333333333336,0.8014063915916959,218,0,0,0,9167.0,Traditional,10
525.0,37.743589743589745,0.5191148751200136,242,0,0,0,10304.0,Traditional,10
530.0,40.48056537102474,0.6073665253243066,247,0,0,0,11456.0,Traditional,10
535.0,43.56206896551724,0.4922574572329143,256,0,0,0,12633.0,Traditional,10
540.0,46.38461538461539,0.40097940362333134,268,0,0,0,13869.0,Traditional,10
5.0,0.0,2.7232925763043263,1,0,0,0,0.0,AI (PPO-CNN),1
10.0,0.0,6.826401203186252,0,0,0,0,0.0,AI (PPO-CNN),1
15.0,0.0,5.157761003719539,1,0,0,0,0.0,AI (PPO-CNN),1
20.0,0.0,7.586293873551668,0,0,0,0,0.0,AI (PPO-CNN),1
25.0,0.5833333333333334,3.1174986929009463,4,0,0,0,7.0,AI (PPO-CNN),1
30.0,1.6428571428571428,4.372156191170658,4,0,0,0,23.0,AI (PPO-CNN),1
35.0,1.2352941176470589,5.1107300150965695,3,0,0,0,21.0,AI (PPO-CNN),1
40.0,2.3333333333333335,5.595700415394709,6,0,0,0,42.0,AI (PPO-CNN),1
45.0,3.3,4.249781261588002,7,0,0,0,66.0,AI (PPO-CNN),1
50.0,0.9,5.699036500389175,3,0,0,0,18.0,AI (PPO-CNN),1
55.0,0.9090909090909091,5.6187178190538285,4,0,0,0,20.0,AI (PPO-CNN),1
60.0,2.238095238095238,4.095557623950502,7,0,0,0,47.0,AI (PPO-CNN),1
65.0,1.1304347826086956,4.615787556236909,5,0,0,0,26.0,AI (PPO-CNN),1
70.0,0.8333333333333334,7.137120829456101,3,0,0,0,20.0,AI (PPO-CNN),1
75.0,1.7826086956521738,4.3703545858758694,8,0,0,0,41.0,AI (PPO-CNN),1
80.0,2.96,4.09154781604672,11,0,0,0,74.0,AI (PPO-CNN),1
85.0,3.607142857142857,4.624609278838405,10,0,0,0,101.0,AI (PPO-CNN),1
90.0,4.964285714285714,3.4014277722051203,14,0,0,0,139.0,AI (PPO-CNN),1
95.0,4.548387096774194,3.795248521459576,12,0,0,0,141.0,AI (PPO-CNN),1
100.0,0.46875,5.22219358397591,2,0,0,0,15.0,AI (PPO-CNN),1
105.0,0.3235294117647059,7.268520880130585,4,0,0,0,11.0,AI (PPO-CNN),1
110.0,0.7931034482758621,4.530762247129294,7,0,0,0,23.0,AI (PPO-CNN),1
115.0,1.4642857142857142,5.22072893471051,7,0,0,0,41.0,AI (PPO-CNN),1
120.0,1.8518518518518519,4.43032571434464,8,0,0,0,50.0,AI (PPO-CNN),1
125.0,3.310344827586207,4.344221621434719,12,0,0,0,96.0,AI (PPO-CNN),1
130.0,3.7142857142857144,4.102359091458839,9,0,0,0,104.0,AI (PPO-CNN),1
135.0,3.4482758620689653,4.4257760218721796,9,0,0,0,100.0,AI (PPO-CNN),1
140.0,4.3,4.949416536404848,8,0,0,0,129.0,AI (PPO-CNN),1
145.0,0.8125,5.835321082359995,5,0,0,0,26.0,AI (PPO-CNN),1
150.0,0.06060606060606061,7.566805775121501,2,0,0,0,2.0,AI (PPO-CNN),1
155.0,0.7333333333333333,6.439321748128899,7,0,0,0,22.0,AI (PPO-CNN),1
160.0,0.7407407407407407,6.391379177608821,5,0,0,0,20.0,AI (PPO-CNN),1
165.0,1.0740740740740742,6.991464362922811,5,0,0,0,29.0,AI (PPO-CNN),1
170.0,1.3461538461538463,4.766556854823621,7,0,0,0,35.0,AI (PPO-CNN),1
175.0,0.5714285714285714,4.761240201412407,5,0,0,0,16.0,AI (PPO-CNN),1
180.0,0.7241379310344828,5.622168394923469,6,0,0,0,21.0,AI (PPO-CNN),1
185.0,1.0,5.240621175093253,8,0,0,0,34.0,AI (PPO-CNN),1
190.0,0.9722222222222222,5.664941696269797,7,0,0,0,35.0,AI (PPO-CNN),1
195.0,0.5428571428571428,5.6285110914696865,4,0,0,0,19.0,AI (PPO-CNN),1
200.0,1.5897435897435896,6.100062579243908,12,0,0,0,62.0,AI (PPO-CNN),1
205.0,2.558139534883721,4.170702287944875,14,0,0,0,110.0,AI (PPO-CNN),1
210.0,2.5531914893617023,5.1119328068899135,10,0,0,0,120.0,AI (PPO-CNN),1
215.0,1.9565217391304348,5.066338475394922,11,0,0,0,90.0,AI (PPO-CNN),1
220.0,1.0204081632653061,4.645218231359858,13,0,0,0,50.0,AI (PPO-CNN),1
225.0,1.4339622641509433,3.761299646295124,15,0,0,0,76.0,AI (PPO-CNN),1
230.0,0.38181818181818183,4.42653264769867,8,0,0,0,21.0,AI (PPO-CNN),1
235.0,1.105263157894737,4.876412517856084,12,0,0,0,63.0,AI (PPO-CNN),1
240.0,2.037037037037037,4.6944759487291865,15,0,0,0,110.0,AI (PPO-CNN),1
245.0,2.3333333333333335,4.942446216948916,15,0,0,0,133.0,AI (PPO-CNN),1
250.0,0.9672131147540983,5.1364930329519005,10,0,0,0,59.0,AI (PPO-CNN),1
255.0,1.0689655172413792,4.773181422203733,13,0,0,0,62.0,AI (PPO-CNN),1
260.0,1.7719298245614035,5.335503770664443,14,0,0,0,101.0,AI (PPO-CNN),1
265.0,2.690909090909091,4.241710986062329,18,0,0,0,148.0,AI (PPO-CNN),1
270.0,2.75,4.447703113743415,19,0,0,0,154.0,AI (PPO-CNN),1
275.0,2.3728813559322033,4.5715784910443045,15,0,0,0,140.0,AI (PPO-CNN),1
280.0,2.2666666666666666,4.749165027666259,12,0,0,0,136.0,AI (PPO-CNN),1
285.0,2.35,4.761211027778419,14,0,0,0,141.0,AI (PPO-CNN),1
290.0,1.0491803278688525,4.974843312895526,14,0,0,0,64.0,AI (PPO-CNN),1
295.0,0.6779661016949152,3.9684414469580305,13,0,0,0,40.0,AI (PPO-CNN),1
300.0,1.7741935483870968,4.185486470211715,19,0,0,0,110.0,AI (PPO-CNN),1
305.0,2.0,4.697840519773677,17,0,0,0,126.0,AI (PPO-CNN),1
310.0,3.0655737704918034,4.230955995901528,21,0,0,0,187.0,AI (PPO-CNN),1
315.0,2.126984126984127,4.579837121630198,13,0,0,0,134.0,AI (PPO-CNN),1
320.0,2.453125,4.947711597580794,14,0,0,0,157.0,AI (PPO-CNN),1
325.0,2.918032786885246,4.884310648604691,13,0,0,0,178.0,AI (PPO-CNN),1
330.0,3.5833333333333335,5.269826920665895,14,0,0,0,215.0,AI (PPO-CNN),1
335.0,0.7666666666666667,5.648454995872455,8,0,0,0,46.0,AI (PPO-CNN),1
340.0,0.7457627118644068,5.134902263880959,9,0,0,0,44.0,AI (PPO-CNN),1
345.0,1.9655172413793103,3.8069488594464116,19,0,0,0,114.0,AI (PPO-CNN),1
350.0,2.8596491228070176,3.8876908440427873,18,0,0,0,163.0,AI (PPO-CNN),1
355.0,3.4193548387096775,4.1459570566490935,23,0,0,0,212.0,AI (PPO-CNN),1
360.0,1.7936507936507937,3.462488969803639,16,0,0,0,113.0,AI (PPO-CNN),1
365.0,1.4857142857142858,3.5927075935344353,19,0,0,0,104.0,AI (PPO-CNN),1
370.0,1.7922077922077921,3.9532350652983945,22,0,0,0,138.0,AI (PPO-CNN),1
375.0,1.576470588235294,3.8320130313784313,22,0,0,0,134.0,AI (PPO-CNN),1
380.0,2.6043956043956045,3.157859669575408,33,0,0,0,237.0,AI (PPO-CNN),1
385.0,2.4947368421052634,4.0243045609665815,27,0,0,0,237.0,AI (PPO-CNN),1
390.0,0.3883495145631068,4.525495331875242,13,0,0,0,40.0,AI (PPO-CNN),1
395.0,0.9038461538461539,5.551309436651592,21,0,0,0,94.0,AI (PPO-CNN),1
400.0,1.2142857142857142,4.078756022156791,21,0,0,0,119.0,AI (PPO-CNN),1
405.0,1.72,3.34199431206606,30,0,0,0,172.0,AI (PPO-CNN),1
410.0,2.1320754716981134,3.4212369191088814,40,0,0,0,226.0,AI (PPO-CNN),1
415.0,2.1785714285714284,3.3792468309286567,32,0,0,0,244.0,AI (PPO-CNN),1
420.0,2.094017094017094,3.2201466333890014,37,0,0,0,245.0,AI (PPO-CNN),1
425.0,2.6666666666666665,3.4454418779078018,41,0,0,0,328.0,AI (PPO-CNN),1
430.0,3.5354330708661417,3.445150712566965,52,0,0,0,449.0,AI (PPO-CNN),1
435.0,3.9389312977099236,3.34697142922237,54,0,0,0,516.0,AI (PPO-CNN),1
440.0,4.350746268656716,2.942805821010551,56,0,0,0,583.0,AI (PPO-CNN),1
445.0,4.169014084507042,3.0903220723901432,54,0,0,0,592.0,AI (PPO-CNN),1
450.0,1.6875,3.43829181617806,37,0,0,0,243.0,AI (PPO-CNN),1
455.0,1.9448275862068964,3.348931920116235,46,0,0,0,282.0,AI (PPO-CNN),1
460.0,1.2534246575342465,2.7843017745812766,40,0,0,0,183.0,AI (PPO-CNN),1
465.0,1.6688741721854305,3.269401970582058,47,0,0,0,252.0,AI (PPO-CNN),1
470.0,2.7171052631578947,2.951127955977477,66,0,0,0,413.0,AI (PPO-CNN),1
475.0,3.607843137254902,3.2875679383450382,63,0,0,0,552.0,AI (PPO-CNN),1
480.0,4.903225806451613,2.800866165750324,67,0,0,0,760.0,AI (PPO-CNN),1
485.0,5.675324675324675,2.5670360932636496,70,0,0,0,874.0,AI (PPO-CNN),1
490.0,6.08125,1.9192486760101004,84,0,0,0,973.0,AI (PPO-CNN),1
495.0,6.696969696969697,2.3671998464842323,87,0,0,0,1105.0,AI (PPO-CNN),1
500.0,5.798780487804878,2.273266220744502,73,0,0,0,951.0,AI (PPO-CNN),1
505.0,4.259036144578313,2.66969454502592,63,0,0,0,707.0,AI (PPO-CNN),1
510.0,3.6167664670658684,2.7532605392790512,51,0,0,0,604.0,AI (PPO-CNN),1
515.0,3.5028901734104045,2.0861011071845974,73,0,0,0,606.0,AI (PPO-CNN),1
520.0,4.402234636871508,2.034480386394187,88,0,0,0,788.0,AI (PPO-CNN),1
525.0,6.391304347826087,2.1073976642946346,102,0,0,0,1176.0,AI (PPO-CNN),1
530.0,8.0,1.9960669188758473,107,0,0,0,1528.0,AI (PPO-CNN),1
535.0,10.922279792746114,1.5175434130762697,138,0,0,0,2108.0,AI (PPO-CNN),1
540.0,12.98019801980198,1.6335530543044834,132,0,0,0,2622.0,AI (PPO-CNN),1
5.0,0.0,3.5026175023599837,1,0,0,0,0.0,AI (PPO-CNN),2
10.0,0.0,5.576594614397073,0,0,0,0,0.0,AI (PPO-CNN),2
15.0,0.125,4.65204333946035,2,0,0,0,1.0,AI (PPO-CNN),2
20.0,0.4,6.33445351662368,1,0,0,0,4.0,AI (PPO-CNN),2
25.0,0.0,6.481737925607993,1,0,0,0,0.0,AI (PPO-CNN),2
30.0,0.13333333333333333,7.457576521959952,1,0,0,0,2.0,AI (PPO-CNN),2
35.0,1.2222222222222223,5.050939933854983,7,0,0,0,22.0,AI (PPO-CNN),2
40.0,1.9473684210526316,4.550826470157617,6,0,0,0,37.0,AI (PPO-CNN),2
45.0,3.1818181818181817,4.997351846309161,8,0,0,0,70.0,AI (PPO-CNN),2
50.0,3.0,4.309182582278923,5,0,0,0,66.0,AI (PPO-CNN),2
55.0,2.25,5.6890640187502415,5,0,0,0,54.0,AI (PPO-CNN),2
60.0,3.2916666666666665,4.172270969574755,7,0,0,0,79.0,AI (PPO-CNN),2
65.0,3.5384615384615383,4.031259841641716,7,0,0,0,92.0,AI (PPO-CNN),2
70.0,4.392857142857143,5.56322854489927,8,0,0,0,123.0,AI (PPO-CNN),2
75.0,3.25,4.470131464498105,8,0,0,0,91.0,AI (PPO-CNN),2
80.0,1.6,5.037964364372117,6,0,0,0,48.0,AI (PPO-CNN),2
85.0,1.8709677419354838,5.435120044426784,9,0,0,0,58.0,AI (PPO-CNN),2
90.0,1.1515151515151516,5.323761178042272,7,0,0,0,38.0,AI (PPO-CNN),2
95.0,1.7941176470588236,5.094133186523491,10,0,0,0,61.0,AI (PPO-CNN),2
100.0,0.7741935483870968,6.087785394117451,4,0,0,0,24.0,AI (PPO-CNN),2
105.0,1.6451612903225807,5.934909868311735,7,0,0,0,51.0,AI (PPO-CNN),2
110.0,2.2666666666666666,5.651230358730202,9,0,0,0,68.0,AI (PPO-CNN),2
115.0,2.1379310344827585,5.1178250445415365,6,0,0,0,62.0,AI (PPO-CNN),2
120.0,2.310344827586207,5.392276061900032,4,0,0,0,67.0,AI (PPO-CNN),2
125.0,2.8,6.507947892838555,7,0,0,0,84.0,AI (PPO-CNN),2
130.0,1.7,5.210278060230013,9,0,0,0,51.0,AI (PPO-CNN),2
135.0,2.090909090909091,4.019799294654471,12,0,0,0,69.0,AI (PPO-CNN),2
140.0,4.666666666666667,3.2933423215219926,16,0,0,0,140.0,AI (PPO-CNN),2
145.0,1.0303030303030303,5.253200556672016,6,0,0,0,34.0,AI (PPO-CNN),2
150.0,1.7741935483870968,5.264056109261875,5,0,0,0,55.0,AI (PPO-CNN),2
155.0,2.774193548387097,4.360104651205104,10,0,0,0,86.0,AI (PPO-CNN),2
160.0,4.448275862068965,3.082922898771339,15,0,0,0,129.0,AI (PPO-CNN),2
165.0,4.241379310344827,3.7441719027669653,13,0,0,0,123.0,AI (PPO-CNN),2
170.0,4.066666666666666,4.281577322407474,11,0,0,0,122.0,AI (PPO-CNN),2
175.0,3.8666666666666667,4.325494804945819,10,0,0,0,116.0,AI (PPO-CNN),2
180.0,4.366666666666666,3.83479689122247,9,0,0,0,131.0,AI (PPO-CNN),2
185.0,5.235294117647059,4.289715680565017,11,0,0,0,178.0,AI (PPO-CNN),2
190.0,5.7368421052631575,4.2862841122861495,14,0,0,0,218.0,AI (PPO-CNN),2
195.0,1.7804878048780488,4.190289362057425,11,0,0,0,73.0,AI (PPO-CNN),2
200.0,3.111111111111111,5.610483560046465,16,0,0,0,140.0,AI (PPO-CNN),2
205.0,4.1875,4.368132958390396,18,0,0,0,201.0,AI (PPO-CNN),2
210.0,5.326923076923077,4.1720927101040015,24,0,0,0,277.0,AI (PPO-CNN),2
215.0,4.963636363636364,3.7617994173472122,21,0,0,0,273.0,AI (PPO-CNN),2
220.0,5.454545454545454,3.4902307628165334,22,0,0,0,300.0,AI (PPO-CNN),2
225.0,1.396551724137931,4.734776013002624,12,0,0,0,81.0,AI (PPO-CNN),2
230.0,1.6140350877192982,5.347597965601273,11,0,0,0,92.0,AI (PPO-CNN),2
235.0,2.0847457627118646,4.981913842779598,15,0,0,0,123.0,AI (PPO-CNN),2
240.0,2.4310344827586206,4.882234347396335,14,0,0,0,141.0,AI (PPO-CNN),2
245.0,3.9649122807017543,3.9860220062556935,21,0,0,0,226.0,AI (PPO-CNN),2
250.0,4.43859649122807,3.918162339798465,17,0,0,0,253.0,AI (PPO-CNN),2
255.0,5.864406779661017,3.269565946271051,25,0,0,0,346.0,AI (PPO-CNN),2
260.0,5.129032258064516,3.3595881191231918,23,0,0,0,318.0,AI (PPO-CNN),2
265.0,3.5303030303030303,5.144755624213973,15,0,0,0,233.0,AI (PPO-CNN),2
270.0,3.696969696969697,5.516455968864496,16,0,0,0,244.0,AI (PPO-CNN),2
275.0,1.1451612903225807,4.2627311653942455,13,0,0,0,71.0,AI (PPO-CNN),2
280.0,0.671875,4.744636435140006,8,0,0,0,43.0,AI (PPO-CNN),2
285.0,0.7611940298507462,5.481014522982303,14,0,0,0,51.0,AI (PPO-CNN),2
290.0,1.0597014925373134,4.388000899179552,12,0,0,0,71.0,AI (PPO-CNN),2
295.0,0.9,4.517432923440087,19,0,0,0,63.0,AI (PPO-CNN),2
300.0,1.161764705882353,3.950774226617948,16,0,0,0,79.0,AI (PPO-CNN),2
305.0,1.3,4.5035624056170676,20,0,0,0,91.0,AI (PPO-CNN),2
310.0,1.9230769230769231,3.8695928588822053,20,0,0,0,125.0,AI (PPO-CNN),2
315.0,2.621212121212121,5.229532123034176,17,0,0,0,173.0,AI (PPO-CNN),2
320.0,2.272727272727273,4.539177661859469,16,0,0,0,150.0,AI (PPO-CNN),2
325.0,1.1818181818181819,3.741760149968636,18,0,0,0,78.0,AI (PPO-CNN),2
330.0,2.3076923076923075,3.5804534470995337,25,0,0,0,150.0,AI (PPO-CNN),2
335.0,1.6307692307692307,3.6204527481984665,18,0,0,0,106.0,AI (PPO-CNN),2
340.0,1.5942028985507246,5.063112962323704,17,0,0,0,110.0,AI (PPO-CNN),2
345.0,0.6857142857142857,4.5393640655841105,10,0,0,0,48.0,AI (PPO-CNN),2
350.0,1.2463768115942029,3.811442763887696,21,0,0,0,86.0,AI (PPO-CNN),2
355.0,1.6849315068493151,3.690430817221996,23,0,0,0,123.0,AI (PPO-CNN),2
360.0,2.1780821917808217,3.835682916376962,24,0,0,0,159.0,AI (PPO-CNN),2
365.0,1.9605263157894737,3.600425065271231,21,0,0,0,149.0,AI (PPO-CNN),2
370.0,1.5185185185185186,3.720594998114532,19,0,0,0,123.0,AI (PPO-CNN),2
375.0,1.5444444444444445,4.595102349045934,17,0,0,0,139.0,AI (PPO-CNN),2
380.0,0.6739130434782609,4.700716087436276,17,0,0,0,62.0,AI (PPO-CNN),2
385.0,1.074468085106383,4.616168994640902,21,0,0,0,101.0,AI (PPO-CNN),2
390.0,0.86,3.911562293353528,21,0,0,0,86.0,AI (PPO-CNN),2
395.0,1.2571428571428571,4.042531356083271,28,0,0,0,132.0,AI (PPO-CNN),2
400.0,1.0925925925925926,4.045590025988627,24,0,0,0,118.0,AI (PPO-CNN),2
405.0,0.7321428571428571,3.7390590783235313,30,0,0,0,82.0,AI (PPO-CNN),2
410.0,1.205128205128205,3.7575817241804397,33,0,0,0,141.0,AI (PPO-CNN),2
415.0,1.4369747899159664,4.235179880055441,31,0,0,0,171.0,AI (PPO-CNN),2
420.0,1.9193548387096775,3.569228454037601,41,0,0,0,238.0,AI (PPO-CNN),2
425.0,1.3253968253968254,3.2677709449766303,32,0,0,0,167.0,AI (PPO-CNN),2
430.0,1.626865671641791,3.869779342341232,40,0,0,0,218.0,AI (PPO-CNN),2
435.0,1.297872340425532,3.825906919957949,35,0,0,0,183.0,AI (PPO-CNN),2
440.0,1.6444444444444444,3.3868792733998263,46,0,0,0,222.0,AI (PPO-CNN),2
445.0,1.161764705882353,3.5918973403883783,31,0,0,0,158.0,AI (PPO-CNN),2
450.0,1.5174825174825175,3.322082920326869,47,0,0,0,217.0,AI (PPO-CNN),2
455.0,2.041095890410959,3.13578321135667,50,0,0,0,298.0,AI (PPO-CNN),2
460.0,2.7291666666666665,3.3035801252781254,47,0,0,0,393.0,AI (PPO-CNN),2
465.0,3.0860927152317883,3.025495351755404,55,0,0,0,466.0,AI (PPO-CNN),2
470.0,1.8471337579617835,3.0883131970034654,47,0,0,0,290.0,AI (PPO-CNN),2
475.0,3.6770186335403725,2.7710712800483055,78,0,0,0,592.0,AI (PPO-CNN),2
480.0,4.4,2.2401206059191,71,0,0,0,726.0,AI (PPO-CNN),2
485.0,5.529761904761905,2.6086276375595028,80,0,0,0,929.0,AI (PPO-CNN),2
490.0,6.468208092485549,2.428489569329984,87,0,0,0,1119.0,AI (PPO-CNN),2
495.0,7.1,2.1971804310405036,87,0,0,0,1278.0,AI (PPO-CNN),2
500.0,7.961538461538462,2.2266550905198086,85,0,0,0,1449.0,AI (PPO-CNN),2
505.0,9.108108108108109,1.880980537709621,89,0,0,0,1685.0,AI (PPO-CNN),2
510.0,10.614583333333334,2.172207448459695,101,0,0,0,2038.0,AI (PPO-CNN),2
515.0,12.065656565656566,1.8435318291576308,118,0,0,0,2389.0,AI (PPO-CNN),2
520.0,13.755,1.9277327065243515,114,0,0,0,2751.0,AI (PPO-CNN),2
525.0,14.188118811881187,1.669505127111717,108,0,0,0,2866.0,AI (PPO-CNN),2
530.0,13.396135265700483,1.414128142319741,121,0,0,0,2773.0,AI (PPO-CNN),2
535.0,12.123222748815166,1.4948663046133241,125,0,0,0,2558.0,AI (PPO-CNN),2
540.0,12.488151658767773,1.444528504583115,129,0,0,0,2635.0,AI (PPO-CNN),2
5.0,0.0,3.2864237478701397,1,0,0,0,0.0,AI (PPO-CNN),3
10.0,0.0,5.626634505893477,0,0,0,0,0.0,AI (PPO-CNN),3
15.0,0.125,6.240144284146983,2,0,0,0,1.0,AI (PPO-CNN),3
20.0,0.3,5.61394575704077,2,0,0,0,3.0,AI (PPO-CNN),3
25.0,0.07692307692307693,5.437722705568475,2,0,0,0,1.0,AI (PPO-CNN),3
30.0,0.35714285714285715,4.657521344657856,2,0,0,0,5.0,AI (PPO-CNN),3
35.0,1.1176470588235294,5.044046670390521,5,0,0,0,19.0,AI (PPO-CNN),3
40.0,1.1176470588235294,4.819369817051094,5,0,0,0,19.0,AI (PPO-CNN),3
45.0,0.9,5.916379446084644,3,0,0,0,18.0,AI (PPO-CNN),3
50.0,1.4,5.417235598311761,2,0,0,0,28.0,AI (PPO-CNN),3
55.0,0.15789473684210525,7.120993288469234,2,0,0,0,3.0,AI (PPO-CNN),3
60.0,0.1,6.966182173234193,1,0,0,0,2.0,AI (PPO-CNN),3
65.0,0.7,5.872524335858733,6,0,0,0,14.0,AI (PPO-CNN),3
70.0,1.0555555555555556,5.062617571960871,3,0,0,0,19.0,AI (PPO-CNN),3
75.0,0.7894736842105263,5.429900596168294,4,0,0,0,15.0,AI (PPO-CNN),3
80.0,1.1,5.958738629688754,4,0,0,0,22.0,AI (PPO-CNN),3
85.0,2.217391304347826,4.461047720719699,8,0,0,0,51.0,AI (PPO-CNN),3
90.0,2.0,4.5049976979232085,5,0,0,0,48.0,AI (PPO-CNN),3
95.0,1.76,4.617967280866857,6,0,0,0,44.0,AI (PPO-CNN),3
100.0,1.48,4.786415253984827,6,0,0,0,37.0,AI (PPO-CNN),3
105.0,1.1071428571428572,5.409334581920704,5,0,0,0,31.0,AI (PPO-CNN),3
110.0,0.5333333333333333,6.436624566145335,2,0,0,0,16.0,AI (PPO-CNN),3
115.0,0.24242424242424243,7.339999931137466,3,0,0,0,8.0,AI (PPO-CNN),3
120.0,0.5454545454545454,6.045660655834946,7,0,0,0,18.0,AI (PPO-CNN),3
125.0,1.2647058823529411,4.781040826288793,11,0,0,0,43.0,AI (PPO-CNN),3
130.0,2.2,4.776557629399302,7,0,0,0,66.0,AI (PPO-CNN),3
135.0,1.064516129032258,4.351328345611888,5,0,0,0,33.0,AI (PPO-CNN),3
140.0,2.0625,5.269007410839677,9,0,0,0,66.0,AI (PPO-CNN),3
145.0,1.21875,4.4893818902084845,9,0,0,0,39.0,AI (PPO-CNN),3
150.0,1.8,3.709941943538091,10,0,0,0,54.0,AI (PPO-CNN),3
155.0,2.7333333333333334,4.790210004160622,11,0,0,0,82.0,AI (PPO-CNN),3
160.0,1.625,5.429726164517803,8,0,0,0,52.0,AI (PPO-CNN),3
165.0,0.65625,5.101264018482139,4,0,0,0,21.0,AI (PPO-CNN),3
170.0,0.3125,5.583394244420979,3,0,0,0,10.0,AI (PPO-CNN),3
175.0,0.9333333333333333,6.280480952834799,6,0,0,0,28.0,AI (PPO-CNN),3
180.0,1.1111111111111112,6.404610949681726,3,0,0,0,30.0,AI (PPO-CNN),3
185.0,0.7,5.887507718663798,4,0,0,0,21.0,AI (PPO-CNN),3
190.0,1.8181818181818181,4.314165706505735,11,0,0,0,60.0,AI (PPO-CNN),3
195.0,1.6388888888888888,4.0207781700537195,9,0,0,0,59.0,AI (PPO-CNN),3
200.0,1.6829268292682926,4.736387120337157,10,0,0,0,69.0,AI (PPO-CNN),3
205.0,2.441860465116279,5.06581683844691,14,0,0,0,105.0,AI (PPO-CNN),3
210.0,2.25,5.417334147853777,9,0,0,0,108.0,AI (PPO-CNN),3
215.0,0.7647058823529411,4.522778941386644,13,0,0,0,39.0,AI (PPO-CNN),3
220.0,1.0784313725490196,4.8740528424417064,13,0,0,0,55.0,AI (PPO-CNN),3
225.0,1.0384615384615385,4.765729309697258,12,0,0,0,54.0,AI (PPO-CNN),3
230.0,2.425925925925926,4.275962834677658,23,0,0,0,131.0,AI (PPO-CNN),3
235.0,3.2777777777777777,3.3752945975907114,22,0,0,0,177.0,AI (PPO-CNN),3
240.0,2.912280701754386,2.8501658002050934,23,0,0,0,166.0,AI (PPO-CNN),3
245.0,2.9206349206349205,4.028432972779796,17,0,0,0,184.0,AI (PPO-CNN),3
250.0,2.338235294117647,3.998217552279137,23,0,0,0,159.0,AI (PPO-CNN),3
255.0,3.0434782608695654,5.296602150677132,17,0,0,0,210.0,AI (PPO-CNN),3
260.0,3.257575757575758,5.055129979240443,18,0,0,0,215.0,AI (PPO-CNN),3
265.0,2.1746031746031744,4.52112672299776,20,0,0,0,137.0,AI (PPO-CNN),3
270.0,0.7424242424242424,4.197026767902216,12,0,0,0,49.0,AI (PPO-CNN),3
275.0,1.0,4.247821081305382,13,0,0,0,67.0,AI (PPO-CNN),3
280.0,0.8939393939393939,4.35698807350204,16,0,0,0,59.0,AI (PPO-CNN),3
285.0,1.8615384615384616,4.5077961414393855,20,0,0,0,121.0,AI (PPO-CNN),3
290.0,1.5846153846153845,4.740466807011395,16,0,0,0,103.0,AI (PPO-CNN),3
295.0,1.253968253968254,4.363952694491286,17,0,0,0,79.0,AI (PPO-CNN),3
300.0,0.8548387096774194,4.734558242754002,12,0,0,0,53.0,AI (PPO-CNN),3
305.0,1.0517241379310345,4.210785438902241,15,0,0,0,61.0,AI (PPO-CNN),3
310.0,2.225806451612903,4.606039509806788,22,0,0,0,138.0,AI (PPO-CNN),3
315.0,2.661290322580645,4.023148737582238,18,0,0,0,165.0,AI (PPO-CNN),3
320.0,1.2166666666666666,5.696157005772449,10,0,0,0,73.0,AI (PPO-CNN),3
325.0,0.6065573770491803,5.693209537243647,9,0,0,0,37.0,AI (PPO-CNN),3
330.0,0.8135593220338984,4.731509696968746,15,0,0,0,48.0,AI (PPO-CNN),3
335.0,1.7096774193548387,4.600198909851741,20,0,0,0,106.0,AI (PPO-CNN),3
340.0,2.1311475409836067,5.001541518919546,16,0,0,0,130.0,AI (PPO-CNN),3
345.0,0.4262295081967213,5.083181747917722,8,0,0,0,26.0,AI (PPO-CNN),3
350.0,0.9538461538461539,5.003099830531547,17,0,0,0,62.0,AI (PPO-CNN),3
355.0,0.5846153846153846,5.388325513018245,11,0,0,0,38.0,AI (PPO-CNN),3
360.0,0.9552238805970149,5.102808843708856,14,0,0,0,64.0,AI (PPO-CNN),3
365.0,1.3943661971830985,5.102992710910898,16,0,0,0,99.0,AI (PPO-CNN),3
370.0,1.6619718309859155,4.506204549369715,19,0,0,0,118.0,AI (PPO-CNN),3
375.0,0.9583333333333334,4.245384613961156,17,0,0,0,69.0,AI (PPO-CNN),3
380.0,1.075,5.296586859292388,19,0,0,0,86.0,AI (PPO-CNN),3
385.0,1.2839506172839505,4.40906723428264,21,0,0,0,104.0,AI (PPO-CNN),3
390.0,1.9080459770114941,3.9577991515895645,29,0,0,0,166.0,AI (PPO-CNN),3
395.0,0.8064516129032258,4.66399424345822,19,0,0,0,75.0,AI (PPO-CNN),3
400.0,1.3404255319148937,4.867588409991408,26,0,0,0,126.0,AI (PPO-CNN),3
405.0,1.7628865979381443,4.370702519093328,30,0,0,0,171.0,AI (PPO-CNN),3
410.0,2.6914893617021276,3.936360406013049,30,0,0,0,253.0,AI (PPO-CNN),3
415.0,0.7904761904761904,3.782610708368598,20,0,0,0,83.0,AI (PPO-CNN),3
420.0,1.5871559633027523,4.3598982596418185,36,0,0,0,173.0,AI (PPO-CNN),3
425.0,1.8303571428571428,3.8385460916104677,35,0,0,0,205.0,AI (PPO-CNN),3
430.0,1.631578947368421,3.8835138657082795,37,0,0,0,186.0,AI (PPO-CNN),3
435.0,0.5603448275862069,3.976270473119199,19,0,0,0,65.0,AI (PPO-CNN),3
440.0,0.8145161290322581,4.576862172085752,25,0,0,0,101.0,AI (PPO-CNN),3
445.0,1.4390243902439024,3.953619479221419,34,0,0,0,177.0,AI (PPO-CNN),3
450.0,2.016260162601626,3.573169893524448,42,0,0,0,248.0,AI (PPO-CNN),3
455.0,3.168,3.6983898963221624,45,0,0,0,396.0,AI (PPO-CNN),3
460.0,3.774436090225564,3.6995301660175524,49,0,0,0,502.0,AI (PPO-CNN),3
465.0,3.1052631578947367,3.584337349608319,45,0,0,0,413.0,AI (PPO-CNN),3
470.0,3.7037037037037037,3.1257733835193084,55,0,0,0,500.0,AI (PPO-CNN),3
475.0,3.579310344827586,3.208001499191484,56,0,0,0,519.0,AI (PPO-CNN),3
480.0,3.292517006802721,2.8579773948219613,53,0,0,0,484.0,AI (PPO-CNN),3
485.0,5.078431372549019,2.692296252441837,77,0,0,0,777.0,AI (PPO-CNN),3
490.0,3.4358974358974357,2.518725638962187,51,0,0,0,536.0,AI (PPO-CNN),3
495.0,3.1790123456790123,2.767025663554705,65,0,0,0,515.0,AI (PPO-CNN),3
500.0,2.450617283950617,2.690170626187983,61,0,0,0,397.0,AI (PPO-CNN),3
505.0,3.4695121951219514,2.6852809666706565,76,0,0,0,569.0,AI (PPO-CNN),3
510.0,3.2781065088757395,2.1830807716869174,66,0,0,0,554.0,AI (PPO-CNN),3
515.0,4.321637426900585,2.6093831419025237,71,0,0,0,739.0,AI (PPO-CNN),3
520.0,3.846590909090909,2.752902936008383,61,0,0,0,677.0,AI (PPO-CNN),3
525.0,5.421965317919075,2.786282170285273,85,0,0,0,938.0,AI (PPO-CNN),3
530.0,6.674418604651163,2.178348000524421,103,0,0,0,1148.0,AI (PPO-CNN),3
535.0,8.180790960451978,1.860468813271176,105,0,0,0,1448.0,AI (PPO-CNN),3
540.0,8.472527472527473,2.156835336845473,97,0,0,0,1542.0,AI (PPO-CNN),3
5.0,0.0,3.8009574442325778,1,0,0,0,0.0,AI (PPO-CNN),4
10.0,0.0,5.688208388048739,0,0,0,0,0.0,AI (PPO-CNN),4
15.0,0.0,8.865551148372766,1,0,0,0,0.0,AI (PPO-CNN),4
20.0,0.0,6.582261086734832,0,0,0,0,0.0,AI (PPO-CNN),4
25.0,0.0,6.504837914837995,1,0,0,0,0.0,AI (PPO-CNN),4
30.0,0.08333333333333333,4.16197816267776,1,0,0,0,1.0,AI (PPO-CNN),4
35.0,0.13333333333333333,4.450537485144611,2,0,0,0,2.0,AI (PPO-CNN),4
40.0,0.625,5.614061310978881,4,0,0,0,10.0,AI (PPO-CNN),4
45.0,0.7368421052631579,5.354777398699902,3,0,0,0,14.0,AI (PPO-CNN),4
50.0,1.6,6.894394702349058,5,0,0,0,32.0,AI (PPO-CNN),4
55.0,3.2777777777777777,3.347691590705568,8,0,0,0,59.0,AI (PPO-CNN),4
60.0,0.8421052631578947,4.692550221449424,3,0,0,0,16.0,AI (PPO-CNN),4
65.0,1.1,6.343314327596884,4,0,0,0,22.0,AI (PPO-CNN),4
70.0,1.3157894736842106,5.013075768931411,5,0,0,0,25.0,AI (PPO-CNN),4
75.0,1.7272727272727273,4.280695769199801,6,0,0,0,38.0,AI (PPO-CNN),4
80.0,1.826086956521739,6.148519959013268,4,0,0,0,42.0,AI (PPO-CNN),4
85.0,1.1818181818181819,6.519910430433241,4,0,0,0,26.0,AI (PPO-CNN),4
90.0,0.047619047619047616,7.385139228903444,1,0,0,0,1.0,AI (PPO-CNN),4
95.0,0.5833333333333334,5.993272355222575,5,0,0,0,14.0,AI (PPO-CNN),4
100.0,1.7307692307692308,3.7660816762781844,8,0,0,0,45.0,AI (PPO-CNN),4
105.0,1.5555555555555556,5.590805546257849,7,0,0,0,42.0,AI (PPO-CNN),4
110.0,2.269230769230769,5.188628399011437,6,0,0,0,59.0,AI (PPO-CNN),4
115.0,3.96,5.398532763212225,9,0,0,0,99.0,AI (PPO-CNN),4
120.0,3.24,6.402160591354641,6,0,0,0,81.0,AI (PPO-CNN),4
125.0,1.92,5.236443800983195,6,0,0,0,48.0,AI (PPO-CNN),4
130.0,3.25,5.1448443739736005,8,0,0,0,78.0,AI (PPO-CNN),4
135.0,0.8,6.4913659143680205,2,0,0,0,20.0,AI (PPO-CNN),4
140.0,1.9166666666666667,5.906550408715996,7,0,0,0,46.0,AI (PPO-CNN),4
145.0,2.92,4.6018475764966755,9,0,0,0,73.0,AI (PPO-CNN),4
150.0,3.5833333333333335,4.520138859195849,9,0,0,0,86.0,AI (PPO-CNN),4
155.0,4.6,4.750130845831244,11,0,0,0,115.0,AI (PPO-CNN),4
160.0,0.36,5.198319463086839,3,0,0,0,9.0,AI (PPO-CNN),4
165.0,0.6666666666666666,6.294544211744758,4,0,0,0,18.0,AI (PPO-CNN),4
170.0,0.5357142857142857,7.316009969473342,2,0,0,0,15.0,AI (PPO-CNN),4
175.0,0.8846153846153846,5.513310399417155,6,0,0,0,23.0,AI (PPO-CNN),4
180.0,0.12,5.93929342627011,2,0,0,0,3.0,AI (PPO-CNN),4
185.0,0.32142857142857145,6.5554950626790705,4,0,0,0,9.0,AI (PPO-CNN),4
190.0,0.48148148148148145,6.0011188629499905,4,0,0,0,13.0,AI (PPO-CNN),4
195.0,1.0,5.318522428402395,6,0,0,0,30.0,AI (PPO-CNN),4
200.0,0.7058823529411765,5.694911755800857,6,0,0,0,24.0,AI (PPO-CNN),4
205.0,0.8055555555555556,6.335801151727588,7,0,0,0,29.0,AI (PPO-CNN),4
210.0,0.75,5.242180957233359,4,0,0,0,27.0,AI (PPO-CNN),4
215.0,1.3414634146341464,4.643762922442611,11,0,0,0,55.0,AI (PPO-CNN),4
220.0,1.6590909090909092,4.03362142602245,15,0,0,0,73.0,AI (PPO-CNN),4
225.0,1.78,5.455861029514572,15,0,0,0,89.0,AI (PPO-CNN),4
230.0,1.7058823529411764,4.890857520650137,10,0,0,0,87.0,AI (PPO-CNN),4
235.0,0.8301886792452831,4.355059866479018,15,0,0,0,44.0,AI (PPO-CNN),4
240.0,1.2075471698113207,4.75550266244735,12,0,0,0,64.0,AI (PPO-CNN),4
245.0,1.849056603773585,5.272480801830526,12,0,0,0,98.0,AI (PPO-CNN),4
250.0,1.3461538461538463,5.34172426867328,12,0,0,0,70.0,AI (PPO-CNN),4
255.0,1.2291666666666667,5.314415805830108,9,0,0,0,59.0,AI (PPO-CNN),4
260.0,1.7,4.660629652322755,12,0,0,0,85.0,AI (PPO-CNN),4
265.0,1.3,5.262241609495669,13,0,0,0,65.0,AI (PPO-CNN),4
270.0,2.3529411764705883,5.175740821807541,14,0,0,0,120.0,AI (PPO-CNN),4
275.0,1.1346153846153846,3.9604711293113812,12,0,0,0,59.0,AI (PPO-CNN),4
280.0,1.1785714285714286,4.58587273783344,13,0,0,0,66.0,AI (PPO-CNN),4
285.0,1.6724137931034482,5.284985605496716,13,0,0,0,97.0,AI (PPO-CNN),4
290.0,2.2950819672131146,5.073222713013956,15,0,0,0,140.0,AI (PPO-CNN),4
295.0,3.046153846153846,4.913145727997322,20,0,0,0,198.0,AI (PPO-CNN),4
300.0,3.8225806451612905,3.775215047007247,19,0,0,0,237.0,AI (PPO-CNN),4
305.0,4.35,3.4154887112108363,24,0,0,0,261.0,AI (PPO-CNN),4
310.0,3.3278688524590163,3.28750505241489,23,0,0,0,203.0,AI (PPO-CNN),4
315.0,2.140625,3.920476280814179,18,0,0,0,137.0,AI (PPO-CNN),4
320.0,0.90625,4.504651186663924,13,0,0,0,58.0,AI (PPO-CNN),4
325.0,0.7647058823529411,4.918533183533064,13,0,0,0,52.0,AI (PPO-CNN),4
330.0,1.9846153846153847,4.045141991255911,27,0,0,0,129.0,AI (PPO-CNN),4
335.0,3.6875,3.5201476715779787,27,0,0,0,236.0,AI (PPO-CNN),4
340.0,5.153846153846154,2.9847852060620617,32,0,0,0,335.0,AI (PPO-CNN),4
345.0,6.147058823529412,3.3372302975780315,32,0,0,0,418.0,AI (PPO-CNN),4
350.0,7.142857142857143,4.025373458134812,27,0,0,0,500.0,AI (PPO-CNN),4
355.0,7.855072463768116,3.57628331834945,28,0,0,0,542.0,AI (PPO-CNN),4
360.0,9.47887323943662,3.8139171895839565,31,0,0,0,673.0,AI (PPO-CNN),4
365.0,5.12987012987013,3.2055786618796693,26,0,0,0,395.0,AI (PPO-CNN),4
370.0,0.975609756097561,4.535086466292296,17,0,0,0,80.0,AI (PPO-CNN),4
375.0,0.9629629629629629,4.203128351165304,18,0,0,0,78.0,AI (PPO-CNN),4
380.0,1.216867469879518,3.719919485230933,22,0,0,0,101.0,AI (PPO-CNN),4
385.0,1.380952380952381,4.175958473306007,21,0,0,0,116.0,AI (PPO-CNN),4
390.0,1.5384615384615385,4.159243527140929,25,0,0,0,140.0,AI (PPO-CNN),4
395.0,2.67,3.642162807747062,39,0,0,0,267.0,AI (PPO-CNN),4
400.0,3.150943396226415,3.673982693660377,42,0,0,0,334.0,AI (PPO-CNN),4
405.0,2.144144144144144,3.573400637584987,28,0,0,0,238.0,AI (PPO-CNN),4
410.0,2.341666666666667,3.623747019891212,39,0,0,0,281.0,AI (PPO-CNN),4
415.0,1.616,3.1491187725850796,38,0,0,0,202.0,AI (PPO-CNN),4
420.0,1.112781954887218,2.9856561853274735,40,0,0,0,148.0,AI (PPO-CNN),4
425.0,1.443609022556391,3.4483208794823232,40,0,0,0,192.0,AI (PPO-CNN),4
430.0,1.375886524822695,3.486490640278466,38,0,0,0,194.0,AI (PPO-CNN),4
435.0,1.9444444444444444,3.6714822342904805,44,0,0,0,280.0,AI (PPO-CNN),4
440.0,2.122448979591837,2.8240116427061444,55,0,0,0,312.0,AI (PPO-CNN),4
445.0,1.943661971830986,2.8650041195274443,46,0,0,0,276.0,AI (PPO-CNN),4
450.0,2.619047619047619,2.3872444012547347,59,0,0,0,385.0,AI (PPO-CNN),4
455.0,2.7435897435897436,2.333818471775397,58,0,0,0,428.0,AI (PPO-CNN),4
460.0,2.7,3.0779061802507797,62,0,0,0,432.0,AI (PPO-CNN),4
465.0,3.1666666666666665,2.7467093863349707,61,0,0,0,513.0,AI (PPO-CNN),4
470.0,4.096385542168675,2.244548016680229,80,0,0,0,680.0,AI (PPO-CNN),4
475.0,5.648809523809524,2.1318336564776037,84,0,0,0,949.0,AI (PPO-CNN),4
480.0,6.1345029239766085,2.138764208751492,78,0,0,0,1049.0,AI (PPO-CNN),4
485.0,6.720670391061453,2.5030834295672504,78,0,0,0,1203.0,AI (PPO-CNN),4
490.0,7.438202247191011,2.554306228520191,75,0,0,0,1324.0,AI (PPO-CNN),4
495.0,9.408839779005525,2.1335676210176957,95,0,0,0,1703.0,AI (PPO-CNN),4
500.0,10.491891891891893,1.6138440097549969,99,0,0,0,1941.0,AI (PPO-CNN),4
505.0,12.803191489361701,1.380382474914464,123,0,0,0,2407.0,AI (PPO-CNN),4
510.0,14.984615384615385,1.149396775634155,134,0,0,0,2922.0,AI (PPO-CNN),4
515.0,16.248756218905474,1.708566927340906,124,0,0,0,3266.0,AI (PPO-CNN),4
520.0,18.746268656716417,1.3991707787985892,130,0,0,0,3768.0,AI (PPO-CNN),4
525.0,20.116504854368934,1.1730378826397097,144,0,0,0,4144.0,AI (PPO-CNN),4
530.0,22.454976303317537,1.1447647140317563,154,0,0,0,4738.0,AI (PPO-CNN),4
535.0,24.572093023255814,0.8066306847148155,160,0,0,0,5283.0,AI (PPO-CNN),4
540.0,26.668161434977577,0.7719989190774297,173,0,0,0,5947.0,AI (PPO-CNN),4
5.0,0.0,3.830689775501378,1,0,0,0,0.0,AI (PPO-CNN),5
10.0,0.0,7.104917598084908,0,0,0,0,0.0,AI (PPO-CNN),5
15.0,0.0,7.1142864278923845,1,0,0,0,0.0,AI (PPO-CNN),5
20.0,0.0,8.68815905181655,0,0,0,0,0.0,AI (PPO-CNN),5
25.0,0.18181818181818182,5.829988873330023,2,0,0,0,2.0,AI (PPO-CNN),5
30.0,0.6153846153846154,5.701348662837956,2,0,0,0,8.0,AI (PPO-CNN),5
35.0,0.7333333333333333,5.192041036125768,4,0,0,0,11.0,AI (PPO-CNN),5
40.0,0.4117647058823529,6.618115074024238,1,0,0,0,7.0,AI (PPO-CNN),5
45.0,0.65,5.001817998843707,7,0,0,0,13.0,AI (PPO-CNN),5
50.0,0.4090909090909091,6.162805510234926,1,0,0,0,9.0,AI (PPO-CNN),5
55.0,0.3333333333333333,6.870434419105787,3,0,0,0,8.0,AI (PPO-CNN),5
60.0,0.7083333333333334,4.892893409720817,5,0,0,0,17.0,AI (PPO-CNN),5
65.0,2.0,4.268897420271509,8,0,0,0,50.0,AI (PPO-CNN),5
70.0,2.8,4.032433285092534,9,0,0,0,70.0,AI (PPO-CNN),5
75.0,2.6923076923076925,4.826155131870722,6,0,0,0,70.0,AI (PPO-CNN),5
80.0,2.9583333333333335,4.516325610183834,7,0,0,0,71.0,AI (PPO-CNN),5
85.0,3.1538461538461537,4.632369906788103,8,0,0,0,82.0,AI (PPO-CNN),5
90.0,0.4444444444444444,6.01510881408701,2,0,0,0,12.0,AI (PPO-CNN),5
95.0,0.2857142857142857,6.643080780597671,4,0,0,0,8.0,AI (PPO-CNN),5
100.0,0.8275862068965517,6.154599587144844,7,0,0,0,24.0,AI (PPO-CNN),5
105.0,1.1,5.247933881890816,7,0,0,0,33.0,AI (PPO-CNN),5
110.0,0.71875,5.817737792520352,2,0,0,0,23.0,AI (PPO-CNN),5
115.0,0.7878787878787878,6.259561277880697,6,0,0,0,26.0,AI (PPO-CNN),5
120.0,2.033333333333333,3.339730770249729,12,0,0,0,61.0,AI (PPO-CNN),5
125.0,2.8125,3.3252667863941445,14,0,0,0,90.0,AI (PPO-CNN),5
130.0,0.5454545454545454,5.3090252680841985,4,0,0,0,18.0,AI (PPO-CNN),5
135.0,0.7428571428571429,6.1321799705680045,9,0,0,0,26.0,AI (PPO-CNN),5
140.0,0.5,6.746353278354758,3,0,0,0,16.0,AI (PPO-CNN),5
145.0,0.7037037037037037,5.217514075635871,7,0,0,0,19.0,AI (PPO-CNN),5
150.0,1.0384615384615385,5.146939639606552,6,0,0,0,27.0,AI (PPO-CNN),5
155.0,1.8148148148148149,6.1100343240038075,7,0,0,0,49.0,AI (PPO-CNN),5
160.0,1.5909090909090908,5.920625398081544,5,0,0,0,35.0,AI (PPO-CNN),5
165.0,0.56,5.995158635321966,6,0,0,0,14.0,AI (PPO-CNN),5
170.0,1.08,5.872447544765143,6,0,0,0,27.0,AI (PPO-CNN),5
175.0,1.68,5.011224605214304,5,0,0,0,42.0,AI (PPO-CNN),5
180.0,1.6,4.995447016490065,6,0,0,0,40.0,AI (PPO-CNN),5
185.0,2.2758620689655173,5.184322415527725,9,0,0,0,66.0,AI (PPO-CNN),5
190.0,0.9354838709677419,3.8512683645659704,8,0,0,0,29.0,AI (PPO-CNN),5
195.0,1.9428571428571428,4.093228962806836,10,0,0,0,68.0,AI (PPO-CNN),5
200.0,2.026315789473684,4.416191746501361,10,0,0,0,77.0,AI (PPO-CNN),5
205.0,1.7142857142857142,5.185059640651091,6,0,0,0,72.0,AI (PPO-CNN),5
210.0,1.1956521739130435,5.847575163753629,8,0,0,0,55.0,AI (PPO-CNN),5
215.0,1.0638297872340425,5.55767330375513,10,0,0,0,50.0,AI (PPO-CNN),5
220.0,1.375,5.05759612812335,14,0,0,0,66.0,AI (PPO-CNN),5
225.0,0.8518518518518519,5.441416383514258,9,0,0,0,46.0,AI (PPO-CNN),5
230.0,1.1636363636363636,3.725205227130808,15,0,0,0,64.0,AI (PPO-CNN),5
235.0,2.3793103448275863,3.9572414970118275,21,0,0,0,138.0,AI (PPO-CNN),5
240.0,1.35,4.115869442377535,14,0,0,0,81.0,AI (PPO-CNN),5
245.0,1.435483870967742,4.7555085439850355,13,0,0,0,89.0,AI (PPO-CNN),5
250.0,2.711864406779661,4.698999631554702,19,0,0,0,160.0,AI (PPO-CNN),5
255.0,0.7966101694915254,4.73170793735568,9,0,0,0,47.0,AI (PPO-CNN),5
260.0,1.694915254237288,4.701973914196278,16,0,0,0,100.0,AI (PPO-CNN),5
265.0,2.316666666666667,4.449496896097111,19,0,0,0,139.0,AI (PPO-CNN),5
270.0,1.3770491803278688,3.8625477347225945,20,0,0,0,84.0,AI (PPO-CNN),5
275.0,0.9365079365079365,4.7230294032573195,14,0,0,0,59.0,AI (PPO-CNN),5
280.0,0.746031746031746,4.606626452009831,12,0,0,0,47.0,AI (PPO-CNN),5
285.0,0.4603174603174603,5.255081237599536,10,0,0,0,29.0,AI (PPO-CNN),5
290.0,0.5079365079365079,5.87222697010447,9,0,0,0,32.0,AI (PPO-CNN),5
295.0,0.5573770491803278,4.586809556357393,13,0,0,0,34.0,AI (PPO-CNN),5
300.0,0.9491525423728814,4.322172592976896,15,0,0,0,56.0,AI (PPO-CNN),5
305.0,1.5833333333333333,4.911305876173629,16,0,0,0,95.0,AI (PPO-CNN),5
310.0,2.3174603174603177,5.1966311516945245,20,0,0,0,146.0,AI (PPO-CNN),5
315.0,2.5625,4.915475301254819,16,0,0,0,164.0,AI (PPO-CNN),5
320.0,0.8805970149253731,5.556180301921711,12,0,0,0,59.0,AI (PPO-CNN),5
325.0,0.8923076923076924,5.5602718394705715,12,0,0,0,58.0,AI (PPO-CNN),5
330.0,0.7777777777777778,4.821362547788022,12,0,0,0,49.0,AI (PPO-CNN),5
335.0,2.1746031746031744,4.363637946601318,23,0,0,0,137.0,AI (PPO-CNN),5
340.0,1.6031746031746033,4.533168750535937,14,0,0,0,101.0,AI (PPO-CNN),5
345.0,2.4761904761904763,4.981011965329828,18,0,0,0,156.0,AI (PPO-CNN),5
350.0,4.109375,3.8408253011494256,29,0,0,0,263.0,AI (PPO-CNN),5
355.0,4.666666666666667,3.6657390565045227,27,0,0,0,308.0,AI (PPO-CNN),5
360.0,5.5,3.2093760137961356,28,0,0,0,352.0,AI (PPO-CNN),5
365.0,2.550724637681159,3.976921528097093,20,0,0,0,176.0,AI (PPO-CNN),5
370.0,2.1012658227848102,5.401627503905216,22,0,0,0,166.0,AI (PPO-CNN),5
375.0,2.25,4.804360696675952,21,0,0,0,198.0,AI (PPO-CNN),5
380.0,2.260869565217391,4.766042967331399,24,0,0,0,208.0,AI (PPO-CNN),5
385.0,1.2371134020618557,4.570152422933323,19,0,0,0,120.0,AI (PPO-CNN),5
390.0,0.8877551020408163,4.790483003682587,21,0,0,0,87.0,AI (PPO-CNN),5
395.0,1.3298969072164948,4.122010031672105,23,0,0,0,129.0,AI (PPO-CNN),5
400.0,1.4953271028037383,3.8421397422864225,36,0,0,0,160.0,AI (PPO-CNN),5
405.0,1.4774774774774775,3.8160429580999784,30,0,0,0,164.0,AI (PPO-CNN),5
410.0,1.4273504273504274,4.776171327358708,28,0,0,0,167.0,AI (PPO-CNN),5
415.0,1.675,3.798887732302757,32,0,0,0,201.0,AI (PPO-CNN),5
420.0,1.0666666666666667,3.588852409981907,30,0,0,0,128.0,AI (PPO-CNN),5
425.0,1.7642276422764227,3.15678003366476,50,0,0,0,217.0,AI (PPO-CNN),5
430.0,1.6124031007751938,3.090307822692886,39,0,0,0,208.0,AI (PPO-CNN),5
435.0,1.4242424242424243,3.703484690007058,33,0,0,0,188.0,AI (PPO-CNN),5
440.0,2.3407407407407406,3.9357124686608147,48,0,0,0,316.0,AI (PPO-CNN),5
445.0,2.5251798561151078,3.2859643683690636,51,0,0,0,351.0,AI (PPO-CNN),5
450.0,2.034965034965035,2.905733249584505,49,0,0,0,291.0,AI (PPO-CNN),5
455.0,2.9194630872483223,2.34218857752862,62,0,0,0,435.0,AI (PPO-CNN),5
460.0,3.7880794701986753,2.0702578058094,69,0,0,0,572.0,AI (PPO-CNN),5
465.0,4.503184713375796,2.7343566737228278,75,0,0,0,707.0,AI (PPO-CNN),5
470.0,5.181818181818182,2.767814426711558,81,0,0,0,855.0,AI (PPO-CNN),5
475.0,4.846153846153846,2.6872310618342348,82,0,0,0,819.0,AI (PPO-CNN),5
480.0,3.994285714285714,2.2033964752910267,83,0,0,0,699.0,AI (PPO-CNN),5
485.0,3.78021978021978,1.937326281879567,85,0,0,0,688.0,AI (PPO-CNN),5
490.0,5.183783783783784,2.2175512804831228,91,0,0,0,959.0,AI (PPO-CNN),5
495.0,5.790322580645161,2.033019004171575,97,0,0,0,1077.0,AI (PPO-CNN),5
500.0,7.345549738219895,1.894989773874528,113,0,0,0,1403.0,AI (PPO-CNN),5
505.0,8.587628865979381,1.604631122316793,127,0,0,0,1666.0,AI (PPO-CNN),5
510.0,10.373134328358208,1.5417618454057136,133,0,0,0,2085.0,AI (PPO-CNN),5
515.0,12.698564593301436,1.3448416183115393,152,0,0,0,2654.0,AI (PPO-CNN),5
520.0,14.761682242990654,1.453674658219172,152,0,0,0,3159.0,AI (PPO-CNN),5
525.0,18.032558139534885,1.5361221949852701,163,0,0,0,3877.0,AI (PPO-CNN),5
530.0,19.93548387096774,1.5012254354730457,150,0,0,0,4326.0,AI (PPO-CNN),5
535.0,21.504545454545454,1.0407560280383281,159,0,0,0,4731.0,AI (PPO-CNN),5
540.0,22.491150442477878,0.8401219457108501,166,0,0,0,5083.0,AI (PPO-CNN),5
5.0,0.0,4.446099692753826,1,0,0,0,0.0,AI (PPO-CNN),6
10.0,0.0,7.28418273339842,0,0,0,0,0.0,AI (PPO-CNN),6
15.0,0.0,6.5266327961748996,1,0,0,0,0.0,AI (PPO-CNN),6
20.0,0.0,8.275930767641757,0,0,0,0,0.0,AI (PPO-CNN),6
25.0,0.18181818181818182,7.970461903639324,2,0,0,0,2.0,AI (PPO-CNN),6
30.0,0.6153846153846154,6.477988661974846,2,0,0,0,8.0,AI (PPO-CNN),6
35.0,0.4,4.69909429869868,2,0,0,0,6.0,AI (PPO-CNN),6
40.0,1.6666666666666667,4.116291335452119,4,0,0,0,25.0,AI (PPO-CNN),6
45.0,1.4444444444444444,5.440264506641299,3,0,0,0,26.0,AI (PPO-CNN),6
50.0,0.5,6.045675866071663,3,0,0,0,8.0,AI (PPO-CNN),6
55.0,1.1666666666666667,5.330011823076649,4,0,0,0,21.0,AI (PPO-CNN),6
60.0,1.4210526315789473,5.1149386571475235,4,0,0,0,27.0,AI (PPO-CNN),6
65.0,0.8571428571428571,5.363165793186796,4,0,0,0,18.0,AI (PPO-CNN),6
70.0,0.36363636363636365,4.431935714806449,3,0,0,0,8.0,AI (PPO-CNN),6
75.0,0.8571428571428571,5.312774003378012,4,0,0,0,18.0,AI (PPO-CNN),6
80.0,0.9523809523809523,4.969485194769623,5,0,0,0,20.0,AI (PPO-CNN),6
85.0,0.5454545454545454,5.867814028652686,3,0,0,0,12.0,AI (PPO-CNN),6
90.0,1.2173913043478262,5.981453063977483,6,0,0,0,28.0,AI (PPO-CNN),6
95.0,1.391304347826087,5.272270198447247,5,0,0,0,32.0,AI (PPO-CNN),6
100.0,2.8181818181818183,4.341138651780377,9,0,0,0,62.0,AI (PPO-CNN),6
105.0,4.478260869565218,2.568193267822361,14,0,0,0,103.0,AI (PPO-CNN),6
110.0,0.8333333333333334,4.442602442280966,2,0,0,0,20.0,AI (PPO-CNN),6
115.0,0.4166666666666667,5.679385681435561,3,0,0,0,10.0,AI (PPO-CNN),6
120.0,0.6521739130434783,4.98351043601084,3,0,0,0,15.0,AI (PPO-CNN),6
125.0,0.0,5.641495739485091,1,0,0,0,0.0,AI (PPO-CNN),6
130.0,0.08333333333333333,6.671684590764609,1,0,0,0,2.0,AI (PPO-CNN),6
135.0,0.9545454545454546,5.393182739197017,7,0,0,0,21.0,AI (PPO-CNN),6
140.0,2.125,5.113284650633804,6,0,0,0,51.0,AI (PPO-CNN),6
145.0,0.84,5.041173159373858,5,0,0,0,21.0,AI (PPO-CNN),6
150.0,2.227272727272727,5.054636323991439,6,0,0,0,49.0,AI (PPO-CNN),6
155.0,0.6666666666666666,5.129664659607838,4,0,0,0,16.0,AI (PPO-CNN),6
160.0,0.6086956521739131,6.246827826177313,3,0,0,0,14.0,AI (PPO-CNN),6
165.0,0.68,6.641214474938003,3,0,0,0,17.0,AI (PPO-CNN),6
170.0,0.9047619047619048,5.980220025486671,4,0,0,0,19.0,AI (PPO-CNN),6
175.0,0.6363636363636364,4.714040331780338,6,0,0,0,14.0,AI (PPO-CNN),6
180.0,0.875,5.844733133237317,4,0,0,0,21.0,AI (PPO-CNN),6
185.0,1.8148148148148149,4.084772912366534,8,0,0,0,49.0,AI (PPO-CNN),6
190.0,1.1,3.7056356609489796,6,0,0,0,33.0,AI (PPO-CNN),6
195.0,1.2727272727272727,4.80547629205582,7,0,0,0,42.0,AI (PPO-CNN),6
200.0,1.131578947368421,4.9920414457305675,11,0,0,0,43.0,AI (PPO-CNN),6
205.0,0.717948717948718,4.346059208957096,8,0,0,0,28.0,AI (PPO-CNN),6
210.0,1.6428571428571428,5.179415500682528,11,0,0,0,69.0,AI (PPO-CNN),6
215.0,1.186046511627907,3.896390790662139,10,0,0,0,51.0,AI (PPO-CNN),6
220.0,0.7021276595744681,5.458592636096469,7,0,0,0,33.0,AI (PPO-CNN),6
225.0,0.5625,6.694153779993154,5,0,0,0,27.0,AI (PPO-CNN),6
230.0,0.6595744680851063,6.240705253961095,8,0,0,0,31.0,AI (PPO-CNN),6
235.0,0.8958333333333334,5.653687357529916,10,0,0,0,43.0,AI (PPO-CNN),6
240.0,0.7708333333333334,4.786109521106666,11,0,0,0,37.0,AI (PPO-CNN),6
245.0,1.12,5.214932738000748,11,0,0,0,56.0,AI (PPO-CNN),6
250.0,0.68,4.847680855580168,10,0,0,0,34.0,AI (PPO-CNN),6
255.0,1.392156862745098,5.445168985328837,13,0,0,0,71.0,AI (PPO-CNN),6
260.0,2.8333333333333335,4.71397885309922,17,0,0,0,136.0,AI (PPO-CNN),6
265.0,1.7346938775510203,4.776190615764648,10,0,0,0,85.0,AI (PPO-CNN),6
270.0,2.0576923076923075,5.003539657817791,15,0,0,0,107.0,AI (PPO-CNN),6
275.0,1.6415094339622642,5.195628815271934,9,0,0,0,87.0,AI (PPO-CNN),6
280.0,1.6666666666666667,5.5577105414069585,15,0,0,0,90.0,AI (PPO-CNN),6
285.0,0.9642857142857143,6.042360992339768,10,0,0,0,54.0,AI (PPO-CNN),6
290.0,1.1896551724137931,4.111253901889672,18,0,0,0,69.0,AI (PPO-CNN),6
295.0,1.736842105263158,4.340825081132992,18,0,0,0,99.0,AI (PPO-CNN),6
300.0,2.1403508771929824,4.39708131461051,17,0,0,0,122.0,AI (PPO-CNN),6
305.0,2.2096774193548385,5.779659559790815,15,0,0,0,137.0,AI (PPO-CNN),6
310.0,1.75,5.681967745175682,12,0,0,0,112.0,AI (PPO-CNN),6
315.0,1.390625,5.145028149952424,16,0,0,0,89.0,AI (PPO-CNN),6
320.0,1.0307692307692307,5.001840001817515,14,0,0,0,67.0,AI (PPO-CNN),6
325.0,1.0,4.563062772751847,13,0,0,0,61.0,AI (PPO-CNN),6
330.0,1.9166666666666667,4.277983356529545,20,0,0,0,115.0,AI (PPO-CNN),6
335.0,1.359375,4.573168226359165,15,0,0,0,87.0,AI (PPO-CNN),6
340.0,1.1967213114754098,4.475215120934344,19,0,0,0,73.0,AI (PPO-CNN),6
345.0,2.017543859649123,5.02078546627049,17,0,0,0,115.0,AI (PPO-CNN),6
350.0,1.3214285714285714,4.74810814117499,13,0,0,0,74.0,AI (PPO-CNN),6
355.0,1.3770491803278688,4.9288722041413715,19,0,0,0,84.0,AI (PPO-CNN),6
360.0,0.5409836065573771,4.9129594182492555,10,0,0,0,33.0,AI (PPO-CNN),6
365.0,1.109375,5.079782114705152,16,0,0,0,71.0,AI (PPO-CNN),6
370.0,1.2394366197183098,4.493412145553284,16,0,0,0,88.0,AI (PPO-CNN),6
375.0,1.4473684210526316,5.168090915143034,15,0,0,0,110.0,AI (PPO-CNN),6
380.0,1.9506172839506173,3.7573308951857625,20,0,0,0,158.0,AI (PPO-CNN),6
385.0,1.6395348837209303,3.7980162720111657,26,0,0,0,141.0,AI (PPO-CNN),6
390.0,2.064516129032258,4.1580067313186975,27,0,0,0,192.0,AI (PPO-CNN),6
395.0,2.7731958762886597,4.319403406919823,29,0,0,0,269.0,AI (PPO-CNN),6
400.0,2.2371134020618557,4.3831699507292505,23,0,0,0,217.0,AI (PPO-CNN),6
405.0,3.2448979591836733,4.108413219614426,33,0,0,0,318.0,AI (PPO-CNN),6
410.0,1.7745098039215685,4.475079501825595,22,0,0,0,181.0,AI (PPO-CNN),6
415.0,0.9705882352941176,4.344637982527811,19,0,0,0,99.0,AI (PPO-CNN),6
420.0,1.233009708737864,3.987386286132591,27,0,0,0,127.0,AI (PPO-CNN),6
425.0,1.6476190476190475,3.590020911351291,30,0,0,0,173.0,AI (PPO-CNN),6
430.0,1.651376146788991,3.3171576671107204,33,0,0,0,180.0,AI (PPO-CNN),6
435.0,1.1785714285714286,3.784451308395146,28,0,0,0,132.0,AI (PPO-CNN),6
440.0,1.8421052631578947,3.5624684789461636,36,0,0,0,210.0,AI (PPO-CNN),6
445.0,1.641025641025641,3.5007507797636914,32,0,0,0,192.0,AI (PPO-CNN),6
450.0,1.462809917355372,3.651869108352585,36,0,0,0,177.0,AI (PPO-CNN),6
455.0,1.9024390243902438,3.991582933785343,35,0,0,0,234.0,AI (PPO-CNN),6
460.0,2.322834645669291,3.9146091878700897,41,0,0,0,295.0,AI (PPO-CNN),6
465.0,4.007692307692308,3.0971019847763057,59,0,0,0,521.0,AI (PPO-CNN),6
470.0,4.330935251798561,2.741808242467207,56,0,0,0,602.0,AI (PPO-CNN),6
475.0,5.163265306122449,2.5038887448646276,68,0,0,0,759.0,AI (PPO-CNN),6
480.0,6.3533333333333335,2.4241240405394264,75,0,0,0,953.0,AI (PPO-CNN),6
485.0,4.063694267515924,3.024740634514735,57,0,0,0,638.0,AI (PPO-CNN),6
490.0,4.285714285714286,3.2138614136958825,58,0,0,0,660.0,AI (PPO-CNN),6
495.0,4.66,3.0161650153809765,60,0,0,0,699.0,AI (PPO-CNN),6
500.0,5.906666666666666,3.0364964526791565,76,0,0,0,886.0,AI (PPO-CNN),6
505.0,7.052980132450331,2.7099451080752432,72,0,0,0,1065.0,AI (PPO-CNN),6
510.0,7.0,2.8561163651576975,67,0,0,0,1071.0,AI (PPO-CNN),6
515.0,6.513333333333334,2.9863663523144233,48,0,0,0,977.0,AI (PPO-CNN),6
520.0,7.254777070063694,2.8769941091587166,58,0,0,0,1139.0,AI (PPO-CNN),6
525.0,9.173076923076923,2.180951211382794,79,0,0,0,1431.0,AI (PPO-CNN),6
530.0,10.548780487804878,1.548171172755512,103,0,0,0,1730.0,AI (PPO-CNN),6
535.0,10.201183431952662,1.8998857798472335,81,0,0,0,1724.0,AI (PPO-CNN),6
540.0,10.368421052631579,2.5026503019468294,69,0,0,0,1773.0,AI (PPO-CNN),6
5.0,0.0,2.553205403281997,1,0,0,0,0.0,AI (PPO-CNN),7
10.0,0.0,6.206438016696348,0,0,0,0,0.0,AI (PPO-CNN),7
15.0,0.0,4.739748695829881,1,0,0,0,0.0,AI (PPO-CNN),7
20.0,0.8,5.15786545451367,2,0,0,0,8.0,AI (PPO-CNN),7
25.0,2.1538461538461537,2.9209276542209497,6,0,0,0,28.0,AI (PPO-CNN),7
30.0,0.26666666666666666,5.325360560843578,1,0,0,0,4.0,AI (PPO-CNN),7
35.0,0.3333333333333333,6.342089375213783,3,0,0,0,6.0,AI (PPO-CNN),7
40.0,0.9444444444444444,5.281635269351814,5,0,0,0,17.0,AI (PPO-CNN),7
45.0,1.7142857142857142,4.688270098252117,6,0,0,0,36.0,AI (PPO-CNN),7
50.0,2.380952380952381,5.274586164923574,7,0,0,0,50.0,AI (PPO-CNN),7
55.0,1.619047619047619,5.430420228722228,4,0,0,0,34.0,AI (PPO-CNN),7
60.0,0.2727272727272727,6.258422388637513,3,0,0,0,6.0,AI (PPO-CNN),7
65.0,1.3636363636363635,5.927129803792741,7,0,0,0,30.0,AI (PPO-CNN),7
70.0,0.7272727272727273,5.8831385650349555,3,0,0,0,16.0,AI (PPO-CNN),7
75.0,0.8333333333333334,6.397568064948786,4,0,0,0,20.0,AI (PPO-CNN),7
80.0,1.0,6.324606983643687,5,0,0,0,25.0,AI (PPO-CNN),7
85.0,2.0416666666666665,6.6063493700553595,5,0,0,0,49.0,AI (PPO-CNN),7
90.0,2.36,5.018127530355805,6,0,0,0,59.0,AI (PPO-CNN),7
95.0,1.7692307692307692,4.205071097503394,6,0,0,0,46.0,AI (PPO-CNN),7
100.0,0.8076923076923077,6.13185499379857,5,0,0,0,21.0,AI (PPO-CNN),7
105.0,0.7777777777777778,6.31447578254015,6,0,0,0,21.0,AI (PPO-CNN),7
110.0,1.32,6.663986494961543,4,0,0,0,33.0,AI (PPO-CNN),7
115.0,1.08,4.4877537595828,8,0,0,0,27.0,AI (PPO-CNN),7
120.0,1.24,5.02854646141693,6,0,0,0,31.0,AI (PPO-CNN),7
125.0,2.259259259259259,5.48217027777633,7,0,0,0,61.0,AI (PPO-CNN),7
130.0,3.074074074074074,7.807149442110774,6,0,0,0,83.0,AI (PPO-CNN),7
135.0,0.0,7.171209522391519,1,0,0,0,0.0,AI (PPO-CNN),7
140.0,0.5652173913043478,6.244778502789074,5,0,0,0,13.0,AI (PPO-CNN),7
145.0,2.1818181818181817,4.413374199880722,9,0,0,0,48.0,AI (PPO-CNN),7
150.0,2.4347826086956523,3.9353162647876396,6,0,0,0,56.0,AI (PPO-CNN),7
155.0,0.38461538461538464,5.511109767513053,4,0,0,0,10.0,AI (PPO-CNN),7
160.0,0.5925925925925926,5.572798053137173,4,0,0,0,16.0,AI (PPO-CNN),7
165.0,0.8214285714285714,5.468572342773621,7,0,0,0,23.0,AI (PPO-CNN),7
170.0,1.5555555555555556,4.744310890159375,9,0,0,0,42.0,AI (PPO-CNN),7
175.0,1.0,4.870669184897843,5,0,0,0,29.0,AI (PPO-CNN),7
180.0,1.6785714285714286,6.017194758901693,4,0,0,0,47.0,AI (PPO-CNN),7
185.0,0.53125,5.417787700607852,6,0,0,0,17.0,AI (PPO-CNN),7
190.0,1.4193548387096775,4.747200743500362,11,0,0,0,44.0,AI (PPO-CNN),7
195.0,1.7222222222222223,4.440805036378027,10,0,0,0,62.0,AI (PPO-CNN),7
200.0,3.2857142857142856,4.107462055988048,12,0,0,0,115.0,AI (PPO-CNN),7
205.0,0.9736842105263158,4.624185338927037,5,0,0,0,37.0,AI (PPO-CNN),7
210.0,0.9523809523809523,6.071589934127767,9,0,0,0,40.0,AI (PPO-CNN),7
215.0,0.8095238095238095,5.860133071740835,9,0,0,0,34.0,AI (PPO-CNN),7
220.0,1.4285714285714286,4.267721764779173,12,0,0,0,60.0,AI (PPO-CNN),7
225.0,1.9565217391304348,4.358916395166376,15,0,0,0,90.0,AI (PPO-CNN),7
230.0,2.9183673469387754,3.8692739266529412,15,0,0,0,143.0,AI (PPO-CNN),7
235.0,2.4,4.192572535781678,13,0,0,0,120.0,AI (PPO-CNN),7
240.0,1.0185185185185186,4.6320452829927135,11,0,0,0,55.0,AI (PPO-CNN),7
245.0,0.9824561403508771,4.54111258131211,12,0,0,0,56.0,AI (PPO-CNN),7
250.0,1.5833333333333333,5.07024190128504,16,0,0,0,95.0,AI (PPO-CNN),7
255.0,1.4385964912280702,4.369902974395516,16,0,0,0,82.0,AI (PPO-CNN),7
260.0,2.0,3.652491914573722,23,0,0,0,112.0,AI (PPO-CNN),7
265.0,2.0172413793103448,4.483069656269199,13,0,0,0,117.0,AI (PPO-CNN),7
270.0,1.7333333333333334,3.8336188330948295,17,0,0,0,104.0,AI (PPO-CNN),7
275.0,1.8709677419354838,4.952769799229777,14,0,0,0,116.0,AI (PPO-CNN),7
280.0,1.671641791044776,4.007261284642744,16,0,0,0,112.0,AI (PPO-CNN),7
285.0,2.4776119402985075,4.314039528497783,23,0,0,0,166.0,AI (PPO-CNN),7
290.0,3.707692307692308,3.541321972211936,25,0,0,0,241.0,AI (PPO-CNN),7
295.0,4.161764705882353,3.1011571310068184,26,0,0,0,283.0,AI (PPO-CNN),7
300.0,3.7567567567567566,3.5713521627139126,22,0,0,0,278.0,AI (PPO-CNN),7
305.0,5.430555555555555,4.689127718065794,30,0,0,0,391.0,AI (PPO-CNN),7
310.0,6.72463768115942,4.249435537113093,26,0,0,0,464.0,AI (PPO-CNN),7
315.0,4.514705882352941,3.8712699917691245,23,0,0,0,307.0,AI (PPO-CNN),7
320.0,1.9420289855072463,4.424872623614607,16,0,0,0,134.0,AI (PPO-CNN),7
325.0,1.9714285714285715,4.950179422277114,13,0,0,0,138.0,AI (PPO-CNN),7
330.0,2.235294117647059,4.677418470056864,11,0,0,0,152.0,AI (PPO-CNN),7
335.0,3.1791044776119404,3.907997115216766,21,0,0,0,213.0,AI (PPO-CNN),7
340.0,4.147058823529412,3.552130587218037,25,0,0,0,282.0,AI (PPO-CNN),7
345.0,4.492537313432836,3.3087503310252013,28,0,0,0,301.0,AI (PPO-CNN),7
350.0,5.686567164179104,3.6621230846234645,30,0,0,0,381.0,AI (PPO-CNN),7
355.0,7.132352941176471,3.448130920727301,31,0,0,0,485.0,AI (PPO-CNN),7
360.0,4.884057971014493,3.419470307901464,25,0,0,0,337.0,AI (PPO-CNN),7
365.0,3.6052631578947367,3.3221847337573593,22,0,0,0,274.0,AI (PPO-CNN),7
370.0,4.455696202531645,3.54756562132436,25,0,0,0,352.0,AI (PPO-CNN),7
375.0,4.790697674418604,3.3415454705070378,32,0,0,0,412.0,AI (PPO-CNN),7
380.0,5.311111111111111,3.1842486993712997,35,0,0,0,478.0,AI (PPO-CNN),7
385.0,5.597938144329897,3.6321831684071606,35,0,0,0,543.0,AI (PPO-CNN),7
390.0,5.8431372549019605,3.814123360134536,41,0,0,0,596.0,AI (PPO-CNN),7
395.0,6.5607476635514015,3.4002198061862097,42,0,0,0,702.0,AI (PPO-CNN),7
400.0,7.324324324324325,3.3403250416119206,43,0,0,0,813.0,AI (PPO-CNN),7
405.0,7.947368421052632,3.177751209500239,49,0,0,0,906.0,AI (PPO-CNN),7
410.0,4.907563025210084,3.119596875109285,47,0,0,0,584.0,AI (PPO-CNN),7
415.0,2.888888888888889,3.4220391235059244,42,0,0,0,364.0,AI (PPO-CNN),7
420.0,2.220472440944882,2.7913275366823918,38,0,0,0,282.0,AI (PPO-CNN),7
425.0,3.1908396946564888,3.042637968783864,57,0,0,0,418.0,AI (PPO-CNN),7
430.0,3.5984848484848486,2.8052944640924795,53,0,0,0,475.0,AI (PPO-CNN),7
435.0,3.6842105263157894,2.87984658852777,44,0,0,0,490.0,AI (PPO-CNN),7
440.0,5.470588235294118,2.7766475998149938,69,0,0,0,744.0,AI (PPO-CNN),7
445.0,6.205882352941177,2.695625439748908,64,0,0,0,844.0,AI (PPO-CNN),7
450.0,8.107913669064748,2.293658524695564,76,0,0,0,1127.0,AI (PPO-CNN),7
455.0,9.129251700680273,2.369359233977865,81,0,0,0,1342.0,AI (PPO-CNN),7
460.0,10.401315789473685,1.9977466545480296,95,0,0,0,1581.0,AI (PPO-CNN),7
465.0,10.654088050314465,1.8128111003528486,89,0,0,0,1694.0,AI (PPO-CNN),7
470.0,12.246913580246913,1.9926249762027144,100,0,0,0,1984.0,AI (PPO-CNN),7
475.0,14.698795180722891,1.989642579770324,108,0,0,0,2440.0,AI (PPO-CNN),7
480.0,17.355029585798817,1.8899747985423858,121,0,0,0,2933.0,AI (PPO-CNN),7
485.0,19.833333333333332,1.3770872641879701,128,0,0,0,3451.0,AI (PPO-CNN),7
490.0,22.629213483146067,1.3367784370924773,133,0,0,0,4028.0,AI (PPO-CNN),7
495.0,24.005555555555556,1.677853655325155,121,0,0,0,4321.0,AI (PPO-CNN),7
500.0,25.967741935483872,1.3200148636432665,133,0,0,0,4830.0,AI (PPO-CNN),7
505.0,27.55440414507772,1.2401168449327176,137,0,0,0,5318.0,AI (PPO-CNN),7
510.0,30.0,1.3475694707849308,146,0,0,0,5910.0,AI (PPO-CNN),7
515.0,31.181372549019606,1.573113059052904,138,0,0,0,6361.0,AI (PPO-CNN),7
520.0,33.235849056603776,1.305868595175068,153,0,0,0,7046.0,AI (PPO-CNN),7
525.0,35.71232876712329,1.1291429228722427,171,0,0,0,7821.0,AI (PPO-CNN),7
530.0,39.222727272727276,1.193571754053426,177,0,0,0,8629.0,AI (PPO-CNN),7
535.0,42.5945945945946,0.8992059991896129,184,0,0,0,9456.0,AI (PPO-CNN),7
540.0,45.324561403508774,1.003103234541316,189,0,0,0,10334.0,AI (PPO-CNN),7
5.0,0.0,4.300754632459332,1,0,0,0,0.0,AI (PPO-CNN),8
10.0,0.0,5.7447482274673325,0,0,0,0,0.0,AI (PPO-CNN),8
15.0,0.0,6.843782065685817,1,0,0,0,0.0,AI (PPO-CNN),8
20.0,0.3333333333333333,6.420826576023465,1,0,0,0,3.0,AI (PPO-CNN),8
25.0,1.2727272727272727,4.112571621755086,4,0,0,0,14.0,AI (PPO-CNN),8
30.0,1.2307692307692308,6.242068796819982,2,0,0,0,16.0,AI (PPO-CNN),8
35.0,1.7333333333333334,5.734584462391778,3,0,0,0,26.0,AI (PPO-CNN),8
40.0,1.375,6.168994717006681,3,0,0,0,22.0,AI (PPO-CNN),8
45.0,1.7058823529411764,4.1514855199701985,8,0,0,0,29.0,AI (PPO-CNN),8
50.0,2.0526315789473686,4.124107252329661,6,0,0,0,39.0,AI (PPO-CNN),8
55.0,2.6818181818181817,5.01153233038901,7,0,0,0,59.0,AI (PPO-CNN),8
60.0,3.0869565217391304,5.784963754528459,6,0,0,0,71.0,AI (PPO-CNN),8
65.0,4.545454545454546,4.576864093007149,7,0,0,0,100.0,AI (PPO-CNN),8
70.0,4.0,5.812254454978991,7,0,0,0,96.0,AI (PPO-CNN),8
75.0,0.5384615384615384,6.646371714213694,4,0,0,0,14.0,AI (PPO-CNN),8
80.0,0.34782608695652173,6.232915101580987,3,0,0,0,8.0,AI (PPO-CNN),8
85.0,0.4166666666666667,6.491899114540961,4,0,0,0,10.0,AI (PPO-CNN),8
90.0,1.0476190476190477,4.339585841138408,6,0,0,0,22.0,AI (PPO-CNN),8
95.0,1.15,6.051967501082048,5,0,0,0,23.0,AI (PPO-CNN),8
100.0,0.8571428571428571,6.045545381057611,2,0,0,0,18.0,AI (PPO-CNN),8
105.0,0.09523809523809523,6.614806732898488,3,0,0,0,2.0,AI (PPO-CNN),8
110.0,1.0454545454545454,5.184312881727333,7,0,0,0,23.0,AI (PPO-CNN),8
115.0,1.7826086956521738,5.183011998080865,7,0,0,0,41.0,AI (PPO-CNN),8
120.0,1.1666666666666667,5.285896257185928,4,0,0,0,28.0,AI (PPO-CNN),8
125.0,1.2083333333333333,5.505717601565461,6,0,0,0,29.0,AI (PPO-CNN),8
130.0,0.44,5.3264078818735365,3,0,0,0,11.0,AI (PPO-CNN),8
135.0,1.2307692307692308,6.497746671961621,6,0,0,0,32.0,AI (PPO-CNN),8
140.0,1.2272727272727273,6.24832963346472,3,0,0,0,27.0,AI (PPO-CNN),8
145.0,2.1739130434782608,4.879232117043156,7,0,0,0,50.0,AI (PPO-CNN),8
150.0,1.75,4.47353166839806,7,0,0,0,42.0,AI (PPO-CNN),8
155.0,0.391304347826087,5.899207342661368,2,0,0,0,9.0,AI (PPO-CNN),8
160.0,0.3333333333333333,5.081444248796972,3,0,0,0,7.0,AI (PPO-CNN),8
165.0,1.6521739130434783,3.7232918729778395,9,0,0,0,38.0,AI (PPO-CNN),8
170.0,1.8181818181818181,4.419839094823648,4,0,0,0,40.0,AI (PPO-CNN),8
175.0,1.2608695652173914,5.138325330567482,5,0,0,0,29.0,AI (PPO-CNN),8
180.0,1.0,5.559704848289284,3,0,0,0,23.0,AI (PPO-CNN),8
185.0,1.9230769230769231,5.916622647300338,7,0,0,0,50.0,AI (PPO-CNN),8
190.0,0.75,5.049342757193509,6,0,0,0,21.0,AI (PPO-CNN),8
195.0,0.96875,5.151730431034757,9,0,0,0,31.0,AI (PPO-CNN),8
200.0,1.588235294117647,4.242482060980824,13,0,0,0,54.0,AI (PPO-CNN),8
205.0,2.5,4.976510153869859,8,0,0,0,80.0,AI (PPO-CNN),8
210.0,2.7714285714285714,3.7335053432204663,13,0,0,0,97.0,AI (PPO-CNN),8
215.0,1.8461538461538463,4.494747133951642,13,0,0,0,72.0,AI (PPO-CNN),8
220.0,2.0232558139534884,4.6969282522327,10,0,0,0,87.0,AI (PPO-CNN),8
225.0,1.0625,4.582552044831857,12,0,0,0,51.0,AI (PPO-CNN),8
230.0,0.7959183673469388,4.52241766753894,12,0,0,0,39.0,AI (PPO-CNN),8
235.0,1.0869565217391304,5.555082584199021,11,0,0,0,50.0,AI (PPO-CNN),8
240.0,1.2916666666666667,4.898724153855291,11,0,0,0,62.0,AI (PPO-CNN),8
245.0,1.5625,4.835372952978925,11,0,0,0,75.0,AI (PPO-CNN),8
250.0,2.0833333333333335,4.2968187768975685,12,0,0,0,100.0,AI (PPO-CNN),8
255.0,0.5434782608695652,5.364648654246579,5,0,0,0,25.0,AI (PPO-CNN),8
260.0,0.4166666666666667,5.571504795043097,8,0,0,0,20.0,AI (PPO-CNN),8
265.0,1.2244897959183674,6.113341267750071,11,0,0,0,60.0,AI (PPO-CNN),8
270.0,0.78,5.868818933804943,9,0,0,0,39.0,AI (PPO-CNN),8
275.0,1.4,5.156433134115843,12,0,0,0,70.0,AI (PPO-CNN),8
280.0,1.08,4.089944590913992,14,0,0,0,54.0,AI (PPO-CNN),8
285.0,1.7547169811320755,4.657400458489356,16,0,0,0,93.0,AI (PPO-CNN),8
290.0,1.7924528301886793,4.559364964252227,14,0,0,0,95.0,AI (PPO-CNN),8
295.0,1.4259259259259258,5.645655761048236,10,0,0,0,77.0,AI (PPO-CNN),8
300.0,1.0943396226415094,5.090694429498321,13,0,0,0,58.0,AI (PPO-CNN),8
305.0,1.2156862745098038,5.261021527594647,12,0,0,0,62.0,AI (PPO-CNN),8
310.0,0.75,4.812194910089676,13,0,0,0,39.0,AI (PPO-CNN),8
315.0,1.8888888888888888,4.4669574887228185,18,0,0,0,102.0,AI (PPO-CNN),8
320.0,2.462962962962963,3.929908760281256,19,0,0,0,133.0,AI (PPO-CNN),8
325.0,4.090909090909091,4.203390597651066,22,0,0,0,225.0,AI (PPO-CNN),8
330.0,4.43859649122807,4.478265071993136,23,0,0,0,253.0,AI (PPO-CNN),8
335.0,2.526315789473684,5.065937721137713,13,0,0,0,144.0,AI (PPO-CNN),8
340.0,2.8392857142857144,4.770093580289182,16,0,0,0,159.0,AI (PPO-CNN),8
345.0,3.625,4.337672033905542,18,0,0,0,203.0,AI (PPO-CNN),8
350.0,1.5714285714285714,4.25340526974788,11,0,0,0,88.0,AI (PPO-CNN),8
355.0,1.894736842105263,4.53892664822665,14,0,0,0,108.0,AI (PPO-CNN),8
360.0,1.7777777777777777,4.57748940671171,15,0,0,0,96.0,AI (PPO-CNN),8
365.0,2.5689655172413794,4.367867475983112,18,0,0,0,149.0,AI (PPO-CNN),8
370.0,1.8135593220338984,3.8356341602955135,12,0,0,0,107.0,AI (PPO-CNN),8
375.0,0.5606060606060606,4.276492798127059,12,0,0,0,37.0,AI (PPO-CNN),8
380.0,1.2816901408450705,4.472108535551864,21,0,0,0,91.0,AI (PPO-CNN),8
385.0,1.4567901234567902,3.7763206976330217,20,0,0,0,118.0,AI (PPO-CNN),8
390.0,1.4827586206896552,4.59649064562885,21,0,0,0,129.0,AI (PPO-CNN),8
395.0,0.8681318681318682,3.97243612194022,25,0,0,0,79.0,AI (PPO-CNN),8
400.0,0.9010989010989011,3.990684389690682,21,0,0,0,82.0,AI (PPO-CNN),8
405.0,2.0,4.376044123664202,31,0,0,0,200.0,AI (PPO-CNN),8
410.0,1.9902912621359223,3.9918111565038457,34,0,0,0,205.0,AI (PPO-CNN),8
415.0,3.049019607843137,3.9517822724715734,32,0,0,0,311.0,AI (PPO-CNN),8
420.0,3.5,3.5689038447560293,32,0,0,0,371.0,AI (PPO-CNN),8
425.0,3.743362831858407,3.3840705730635676,36,0,0,0,423.0,AI (PPO-CNN),8
430.0,3.3035714285714284,3.033795615003286,43,0,0,0,370.0,AI (PPO-CNN),8
435.0,4.247787610619469,3.5811896114596373,41,0,0,0,480.0,AI (PPO-CNN),8
440.0,3.905982905982906,2.9882765939902307,46,0,0,0,457.0,AI (PPO-CNN),8
445.0,3.0991735537190084,3.264145126156476,41,0,0,0,375.0,AI (PPO-CNN),8
450.0,2.984126984126984,3.2272580843560936,44,0,0,0,376.0,AI (PPO-CNN),8
455.0,3.0692307692307694,3.5003333519780946,40,0,0,0,399.0,AI (PPO-CNN),8
460.0,3.6076923076923078,2.805818899701574,48,0,0,0,469.0,AI (PPO-CNN),8
465.0,5.195488721804511,2.7752635769880585,65,0,0,0,691.0,AI (PPO-CNN),8
470.0,5.5144927536231885,2.333583607090121,73,0,0,0,761.0,AI (PPO-CNN),8
475.0,6.292517006802721,2.501128269692275,81,0,0,0,925.0,AI (PPO-CNN),8
480.0,6.746666666666667,2.3194545822469377,80,0,0,0,1012.0,AI (PPO-CNN),8
485.0,7.801282051282051,2.14686290795989,82,0,0,0,1217.0,AI (PPO-CNN),8
490.0,5.571428571428571,2.4052883772380502,61,0,0,0,897.0,AI (PPO-CNN),8
495.0,4.745341614906832,3.2777865047002392,52,0,0,0,764.0,AI (PPO-CNN),8
500.0,4.4875,3.3471644625781303,47,0,0,0,718.0,AI (PPO-CNN),8
505.0,4.216049382716049,3.196696912528763,54,0,0,0,683.0,AI (PPO-CNN),8
510.0,5.641025641025641,2.7651656444645654,70,0,0,0,880.0,AI (PPO-CNN),8
515.0,5.316129032258065,2.5922037312538158,60,0,0,0,824.0,AI (PPO-CNN),8
520.0,5.828025477707007,2.760870249896705,66,0,0,0,915.0,AI (PPO-CNN),8
525.0,6.664516129032258,2.8486681301008283,69,0,0,0,1033.0,AI (PPO-CNN),8
530.0,7.290123456790123,2.3023912837530367,72,0,0,0,1181.0,AI (PPO-CNN),8
535.0,7.005952380952381,2.700734906079864,65,0,0,0,1177.0,AI (PPO-CNN),8
540.0,8.035087719298245,2.4911262129817993,78,0,0,0,1374.0,AI (PPO-CNN),8
5.0,0.0,2.159564407899355,1,0,0,0,0.0,AI (PPO-CNN),9
10.0,0.0,6.311121914749406,0,0,0,0,0.0,AI (PPO-CNN),9
15.0,0.0,6.56387178778426,1,0,0,0,0.0,AI (PPO-CNN),9
20.0,0.2222222222222222,4.343669304105453,1,0,0,0,2.0,AI (PPO-CNN),9
25.0,1.25,4.0736839634112885,4,0,0,0,15.0,AI (PPO-CNN),9
30.0,1.7142857142857142,5.552636783522522,4,0,0,0,24.0,AI (PPO-CNN),9
35.0,1.75,4.983716307058996,5,0,0,0,28.0,AI (PPO-CNN),9
40.0,1.1176470588235294,5.744496723389782,3,0,0,0,19.0,AI (PPO-CNN),9
45.0,1.5789473684210527,4.422407811118645,6,0,0,0,30.0,AI (PPO-CNN),9
50.0,2.380952380952381,4.934732653641122,6,0,0,0,50.0,AI (PPO-CNN),9
55.0,2.3636363636363638,3.350216259258251,9,0,0,0,52.0,AI (PPO-CNN),9
60.0,2.3043478260869565,4.022957865956251,7,0,0,0,53.0,AI (PPO-CNN),9
65.0,1.48,5.133910181153769,6,0,0,0,37.0,AI (PPO-CNN),9
70.0,0.20833333333333334,6.4808276749653615,2,0,0,0,5.0,AI (PPO-CNN),9
75.0,0.5652173913043478,4.514187449439221,7,0,0,0,13.0,AI (PPO-CNN),9
80.0,1.2,5.441776972243466,7,0,0,0,30.0,AI (PPO-CNN),9
85.0,1.3333333333333333,4.348451088493619,6,0,0,0,36.0,AI (PPO-CNN),9
90.0,1.2592592592592593,4.037635396665975,8,0,0,0,34.0,AI (PPO-CNN),9
95.0,1.7,4.410258941962673,11,0,0,0,51.0,AI (PPO-CNN),9
100.0,2.4827586206896552,4.836472090408612,10,0,0,0,72.0,AI (PPO-CNN),9
105.0,1.967741935483871,4.996713441535274,8,0,0,0,61.0,AI (PPO-CNN),9
110.0,1.0689655172413792,5.233360019137041,3,0,0,0,31.0,AI (PPO-CNN),9
115.0,1.7777777777777777,6.8316745901849165,4,0,0,0,48.0,AI (PPO-CNN),9
120.0,2.72,5.655139992199886,4,0,0,0,68.0,AI (PPO-CNN),9
125.0,3.76,5.075425447270247,7,0,0,0,94.0,AI (PPO-CNN),9
130.0,4.346153846153846,3.6641638054466865,8,0,0,0,113.0,AI (PPO-CNN),9
135.0,5.392857142857143,4.373136452555361,10,0,0,0,151.0,AI (PPO-CNN),9
140.0,5.666666666666667,5.391039870136764,7,0,0,0,153.0,AI (PPO-CNN),9
145.0,6.862068965517241,4.7271796984100884,11,0,0,0,199.0,AI (PPO-CNN),9
150.0,6.393939393939394,4.653961085097511,10,0,0,0,211.0,AI (PPO-CNN),9
155.0,6.571428571428571,5.07244022245468,10,0,0,0,230.0,AI (PPO-CNN),9
160.0,7.8,4.219259358139733,12,0,0,0,273.0,AI (PPO-CNN),9
165.0,0.2777777777777778,4.970537388359495,5,0,0,0,10.0,AI (PPO-CNN),9
170.0,1.2333333333333334,5.516330080938813,6,0,0,0,37.0,AI (PPO-CNN),9
175.0,0.7586206896551724,6.505399662162075,3,0,0,0,22.0,AI (PPO-CNN),9
180.0,0.6666666666666666,6.212003891758207,2,0,0,0,18.0,AI (PPO-CNN),9
185.0,1.1935483870967742,5.507145589219986,8,0,0,0,37.0,AI (PPO-CNN),9
190.0,2.03125,5.235752899131196,9,0,0,0,65.0,AI (PPO-CNN),9
195.0,2.8333333333333335,4.909925071714467,11,0,0,0,102.0,AI (PPO-CNN),9
200.0,0.8717948717948718,5.290645840197072,5,0,0,0,34.0,AI (PPO-CNN),9
205.0,0.875,6.097942866851221,8,0,0,0,35.0,AI (PPO-CNN),9
210.0,0.3902439024390244,5.482216320354672,8,0,0,0,16.0,AI (PPO-CNN),9
215.0,1.1162790697674418,5.1351440963670845,11,0,0,0,48.0,AI (PPO-CNN),9
220.0,1.1590909090909092,3.6869521089689345,13,0,0,0,51.0,AI (PPO-CNN),9
225.0,2.2127659574468086,4.626742258269572,16,0,0,0,104.0,AI (PPO-CNN),9
230.0,1.26,4.718492435137845,9,0,0,0,63.0,AI (PPO-CNN),9
235.0,1.8679245283018868,4.933908702946657,13,0,0,0,99.0,AI (PPO-CNN),9
240.0,2.269230769230769,4.650851814754268,15,0,0,0,118.0,AI (PPO-CNN),9
245.0,1.392156862745098,4.289336386122324,13,0,0,0,71.0,AI (PPO-CNN),9
250.0,1.7115384615384615,4.7573788726828035,16,0,0,0,89.0,AI (PPO-CNN),9
255.0,1.9811320754716981,4.529720825981275,16,0,0,0,105.0,AI (PPO-CNN),9
260.0,2.4423076923076925,3.714732827885967,17,0,0,0,127.0,AI (PPO-CNN),9
265.0,3.314814814814815,3.718738210641183,23,0,0,0,179.0,AI (PPO-CNN),9
270.0,3.706896551724138,3.761592005401722,21,0,0,0,215.0,AI (PPO-CNN),9
275.0,2.0655737704918034,4.0306972450804155,16,0,0,0,126.0,AI (PPO-CNN),9
280.0,3.216666666666667,4.982568836876938,19,0,0,0,193.0,AI (PPO-CNN),9
285.0,2.540983606557377,4.518830304588462,15,0,0,0,155.0,AI (PPO-CNN),9
290.0,3.6875,4.713729637711935,22,0,0,0,236.0,AI (PPO-CNN),9
295.0,2.6818181818181817,4.534661851237182,13,0,0,0,177.0,AI (PPO-CNN),9
300.0,2.935483870967742,5.501532585187539,14,0,0,0,182.0,AI (PPO-CNN),9
305.0,1.411764705882353,4.155833457737825,17,0,0,0,96.0,AI (PPO-CNN),9
310.0,1.2112676056338028,4.269998933241318,19,0,0,0,86.0,AI (PPO-CNN),9
315.0,1.2058823529411764,4.527180092679056,18,0,0,0,82.0,AI (PPO-CNN),9
320.0,1.96875,3.828821070943442,19,0,0,0,126.0,AI (PPO-CNN),9
325.0,3.4615384615384617,4.239361785886683,24,0,0,0,225.0,AI (PPO-CNN),9
330.0,4.253968253968254,3.5420603875637773,22,0,0,0,268.0,AI (PPO-CNN),9
335.0,1.28125,4.884450599402758,12,0,0,0,82.0,AI (PPO-CNN),9
340.0,2.0303030303030303,4.542356424259152,17,0,0,0,134.0,AI (PPO-CNN),9
345.0,0.8769230769230769,3.990754626986801,13,0,0,0,57.0,AI (PPO-CNN),9
350.0,1.106060606060606,4.3945373911368275,16,0,0,0,73.0,AI (PPO-CNN),9
355.0,1.5454545454545454,4.845364158730152,14,0,0,0,102.0,AI (PPO-CNN),9
360.0,2.1451612903225805,4.759809706275094,17,0,0,0,133.0,AI (PPO-CNN),9
365.0,1.171875,3.9817294409131456,15,0,0,0,75.0,AI (PPO-CNN),9
370.0,2.2941176470588234,4.394274695492701,22,0,0,0,156.0,AI (PPO-CNN),9
375.0,1.8028169014084507,4.220298979620279,17,0,0,0,128.0,AI (PPO-CNN),9
380.0,0.4375,4.879086186969611,9,0,0,0,35.0,AI (PPO-CNN),9
385.0,1.0813953488372092,3.9560870914620763,26,0,0,0,93.0,AI (PPO-CNN),9
390.0,1.1363636363636365,4.061013059941491,22,0,0,0,100.0,AI (PPO-CNN),9
395.0,1.3297872340425532,4.236028521256734,23,0,0,0,125.0,AI (PPO-CNN),9
400.0,1.67,3.9792590448422134,28,0,0,0,167.0,AI (PPO-CNN),9
405.0,1.5142857142857142,4.4394685329626995,25,0,0,0,159.0,AI (PPO-CNN),9
410.0,1.3703703703703705,4.24849719263777,29,0,0,0,148.0,AI (PPO-CNN),9
415.0,1.4766355140186915,3.4893086681266388,29,0,0,0,158.0,AI (PPO-CNN),9
420.0,1.61864406779661,3.4092531626228233,33,0,0,0,191.0,AI (PPO-CNN),9
425.0,2.275,3.545313429387425,45,0,0,0,273.0,AI (PPO-CNN),9
430.0,3.375,2.949298620796666,57,0,0,0,432.0,AI (PPO-CNN),9
435.0,4.121212121212121,2.5603851944201987,59,0,0,0,544.0,AI (PPO-CNN),9
440.0,4.905109489051095,2.627891791576458,64,0,0,0,672.0,AI (PPO-CNN),9
445.0,5.827338129496403,2.8357562813030586,62,0,0,0,810.0,AI (PPO-CNN),9
450.0,6.908450704225352,2.879928808756009,63,0,0,0,981.0,AI (PPO-CNN),9
455.0,8.383561643835616,2.3308851022092303,76,0,0,0,1224.0,AI (PPO-CNN),9
460.0,9.777777777777779,2.183779981572014,73,0,0,0,1408.0,AI (PPO-CNN),9
465.0,10.442953020134228,2.722710578752733,64,0,0,0,1556.0,AI (PPO-CNN),9
470.0,11.948387096774194,2.109771862008994,81,0,0,0,1852.0,AI (PPO-CNN),9
475.0,14.132075471698114,1.9166544387097137,102,0,0,0,2247.0,AI (PPO-CNN),9
480.0,16.042944785276074,1.8336916477246137,107,0,0,0,2615.0,AI (PPO-CNN),9
485.0,16.514619883040936,1.475266900576601,106,0,0,0,2824.0,AI (PPO-CNN),9
490.0,17.936781609195403,1.8676658694909674,100,0,0,0,3121.0,AI (PPO-CNN),9
495.0,20.693181818181817,1.5873376861522202,119,0,0,0,3642.0,AI (PPO-CNN),9
500.0,21.35483870967742,1.6432141114792085,120,0,0,0,3972.0,AI (PPO-CNN),9
505.0,23.27127659574468,1.864073610425544,119,0,0,0,4375.0,AI (PPO-CNN),9
510.0,25.088082901554404,1.6633199541944863,127,0,0,0,4842.0,AI (PPO-CNN),9
515.0,27.269035532994923,1.1743540575646063,140,0,0,0,5372.0,AI (PPO-CNN),9
520.0,30.21319796954315,1.2302521450257944,150,0,0,0,5952.0,AI (PPO-CNN),9
525.0,31.64,0.7966396175342332,149,0,0,0,6328.0,AI (PPO-CNN),9
530.0,32.60765550239235,0.9639604916956085,152,0,0,0,6815.0,AI (PPO-CNN),9
535.0,34.68075117370892,1.1155056040671105,154,0,0,0,7387.0,AI (PPO-CNN),9
540.0,37.291666666666664,1.0496594081381485,163,0,0,0,8055.0,AI (PPO-CNN),9
5.0,0.0,4.166722190907846,1,0,0,0,0.0,AI (PPO-CNN),10
10.0,0.0,5.793769326831071,0,0,0,0,0.0,AI (PPO-CNN),10
15.0,0.0,8.037483174420885,1,0,0,0,0.0,AI (PPO-CNN),10
20.0,0.3,6.8567276207902506,1,0,0,0,3.0,AI (PPO-CNN),10
25.0,0.6153846153846154,4.760509950618095,4,0,0,0,8.0,AI (PPO-CNN),10
30.0,1.2857142857142858,5.304591720958254,3,0,0,0,18.0,AI (PPO-CNN),10
35.0,0.7058823529411765,4.549767540437551,4,0,0,0,12.0,AI (PPO-CNN),10
40.0,0.9473684210526315,6.18016727765696,3,0,0,0,18.0,AI (PPO-CNN),10
45.0,0.9523809523809523,5.401421148439397,5,0,0,0,20.0,AI (PPO-CNN),10
50.0,2.1363636363636362,4.27310506060171,9,0,0,0,47.0,AI (PPO-CNN),10
55.0,2.9565217391304346,4.781538296172937,9,0,0,0,68.0,AI (PPO-CNN),10
60.0,4.0,4.223877768710399,10,0,0,0,100.0,AI (PPO-CNN),10
65.0,3.6666666666666665,3.783235027029716,11,0,0,0,99.0,AI (PPO-CNN),10
70.0,5.2,5.001542850634823,9,0,0,0,130.0,AI (PPO-CNN),10
75.0,4.384615384615385,5.356410777206684,6,0,0,0,114.0,AI (PPO-CNN),10
80.0,1.0740740740740742,7.601997795897481,3,0,0,0,29.0,AI (PPO-CNN),10
85.0,0.5172413793103449,6.573914810527574,4,0,0,0,15.0,AI (PPO-CNN),10
90.0,0.7586206896551724,4.092547553413219,8,0,0,0,22.0,AI (PPO-CNN),10
95.0,2.8275862068965516,4.623704671368077,13,0,0,0,82.0,AI (PPO-CNN),10
100.0,4.142857142857143,3.286915252655487,13,0,0,0,116.0,AI (PPO-CNN),10
105.0,1.4285714285714286,4.229156058521184,5,0,0,0,40.0,AI (PPO-CNN),10
110.0,2.533333333333333,5.509460475398815,9,0,0,0,76.0,AI (PPO-CNN),10
115.0,1.28125,4.437864715106167,10,0,0,0,41.0,AI (PPO-CNN),10
120.0,3.212121212121212,4.148401543720783,15,0,0,0,106.0,AI (PPO-CNN),10
125.0,4.666666666666667,2.8040664976253407,18,0,0,0,154.0,AI (PPO-CNN),10
130.0,4.545454545454546,3.0152920869221473,14,0,0,0,150.0,AI (PPO-CNN),10
135.0,3.4571428571428573,4.817783142885298,11,0,0,0,121.0,AI (PPO-CNN),10
140.0,1.5555555555555556,5.338787427286889,8,0,0,0,56.0,AI (PPO-CNN),10
145.0,0.7941176470588235,4.195301381580987,8,0,0,0,27.0,AI (PPO-CNN),10
150.0,1.0555555555555556,5.251894796459686,8,0,0,0,38.0,AI (PPO-CNN),10
155.0,0.8157894736842105,5.467891773186517,9,0,0,0,31.0,AI (PPO-CNN),10
160.0,1.4722222222222223,4.699155980411374,10,0,0,0,53.0,AI (PPO-CNN),10
165.0,2.588235294117647,3.9244538294256994,12,0,0,0,88.0,AI (PPO-CNN),10
170.0,2.2941176470588234,4.049468016118775,8,0,0,0,78.0,AI (PPO-CNN),10
175.0,1.8857142857142857,5.085382651309713,8,0,0,0,66.0,AI (PPO-CNN),10
180.0,0.6285714285714286,5.09873127232688,6,0,0,0,22.0,AI (PPO-CNN),10
185.0,1.475,4.252796800251949,12,0,0,0,59.0,AI (PPO-CNN),10
190.0,1.5609756097560976,3.9684061598048017,11,0,0,0,64.0,AI (PPO-CNN),10
195.0,1.6956521739130435,5.0934465192650435,13,0,0,0,78.0,AI (PPO-CNN),10
200.0,3.090909090909091,3.9069248398401943,17,0,0,0,136.0,AI (PPO-CNN),10
205.0,4.369565217391305,2.8650600552498764,20,0,0,0,201.0,AI (PPO-CNN),10
210.0,4.38,3.3981707972533393,22,0,0,0,219.0,AI (PPO-CNN),10
215.0,3.6481481481481484,4.475158183945516,15,0,0,0,197.0,AI (PPO-CNN),10
220.0,1.6724137931034482,4.3972628576964174,15,0,0,0,97.0,AI (PPO-CNN),10
225.0,2.1639344262295084,4.384207838874974,16,0,0,0,132.0,AI (PPO-CNN),10
230.0,3.8,4.261444203260962,23,0,0,0,228.0,AI (PPO-CNN),10
235.0,4.285714285714286,4.208155580110527,17,0,0,0,270.0,AI (PPO-CNN),10
240.0,2.2063492063492065,4.37582253068459,15,0,0,0,139.0,AI (PPO-CNN),10
245.0,1.5666666666666667,4.53896624901679,13,0,0,0,94.0,AI (PPO-CNN),10
250.0,0.9,5.128640965122697,10,0,0,0,54.0,AI (PPO-CNN),10
255.0,1.3387096774193548,4.6169983599650175,18,0,0,0,83.0,AI (PPO-CNN),10
260.0,2.1129032258064515,4.323358110452605,17,0,0,0,131.0,AI (PPO-CNN),10
265.0,2.1666666666666665,4.0509004393416514,19,0,0,0,143.0,AI (PPO-CNN),10
270.0,1.9428571428571428,3.803387689951707,16,0,0,0,136.0,AI (PPO-CNN),10
275.0,1.0,4.787392392286269,16,0,0,0,74.0,AI (PPO-CNN),10
280.0,0.6164383561643836,5.0988416579224705,14,0,0,0,45.0,AI (PPO-CNN),10
285.0,0.6056338028169014,5.305862333254209,12,0,0,0,43.0,AI (PPO-CNN),10
290.0,1.5,4.554208044433864,23,0,0,0,108.0,AI (PPO-CNN),10
295.0,3.0294117647058822,3.0869521189733375,26,0,0,0,206.0,AI (PPO-CNN),10
300.0,3.2142857142857144,3.1985834972928564,31,0,0,0,225.0,AI (PPO-CNN),10
305.0,1.8985507246376812,3.5955620668420094,18,0,0,0,131.0,AI (PPO-CNN),10
310.0,2.088235294117647,4.837318679108751,14,0,0,0,142.0,AI (PPO-CNN),10
315.0,0.8194444444444444,4.144188100803534,12,0,0,0,59.0,AI (PPO-CNN),10
320.0,1.0547945205479452,5.105632299122498,18,0,0,0,77.0,AI (PPO-CNN),10
325.0,1.7027027027027026,4.864827358565022,20,0,0,0,126.0,AI (PPO-CNN),10
330.0,0.9859154929577465,4.6902308998072195,13,0,0,0,70.0,AI (PPO-CNN),10
335.0,0.4857142857142857,4.606480551636931,10,0,0,0,34.0,AI (PPO-CNN),10
340.0,0.8873239436619719,5.415694755274727,14,0,0,0,63.0,AI (PPO-CNN),10
345.0,1.9,3.7364603405057033,23,0,0,0,133.0,AI (PPO-CNN),10
350.0,0.8732394366197183,4.390489884270285,14,0,0,0,62.0,AI (PPO-CNN),10
355.0,1.3733333333333333,4.216227848423315,20,0,0,0,103.0,AI (PPO-CNN),10
360.0,2.0657894736842106,4.366109116305113,20,0,0,0,157.0,AI (PPO-CNN),10
365.0,2.975,3.9413791344423776,26,0,0,0,238.0,AI (PPO-CNN),10
370.0,2.0357142857142856,4.180866319292017,25,0,0,0,171.0,AI (PPO-CNN),10
375.0,1.8953488372093024,3.755848469014479,16,0,0,0,163.0,AI (PPO-CNN),10
380.0,2.1875,4.341376024216252,22,0,0,0,210.0,AI (PPO-CNN),10
385.0,1.2474226804123711,3.9671307683950396,27,0,0,0,121.0,AI (PPO-CNN),10
390.0,2.377551020408163,3.6714873561701444,36,0,0,0,233.0,AI (PPO-CNN),10
395.0,1.1862745098039216,3.5795864676027054,24,0,0,0,121.0,AI (PPO-CNN),10
400.0,1.4862385321100917,3.953849797542065,26,0,0,0,162.0,AI (PPO-CNN),10
405.0,1.5175438596491229,3.7751692452315124,24,0,0,0,173.0,AI (PPO-CNN),10
410.0,2.310344827586207,3.1901327518902916,43,0,0,0,268.0,AI (PPO-CNN),10
415.0,3.427350427350427,3.217605017292497,47,0,0,0,401.0,AI (PPO-CNN),10
420.0,3.6779661016949152,3.12416788755382,47,0,0,0,434.0,AI (PPO-CNN),10
425.0,2.5196850393700787,3.1155420417924495,36,0,0,0,320.0,AI (PPO-CNN),10
430.0,2.3461538461538463,3.2899047160901977,46,0,0,0,305.0,AI (PPO-CNN),10
435.0,2.9242424242424243,2.7785739520809303,58,0,0,0,386.0,AI (PPO-CNN),10
440.0,3.717391304347826,2.9640184232676083,62,0,0,0,513.0,AI (PPO-CNN),10
445.0,4.062937062937063,3.02086639435422,55,0,0,0,581.0,AI (PPO-CNN),10
450.0,3.8523489932885906,2.451277693924843,67,0,0,0,574.0,AI (PPO-CNN),10
455.0,3.461038961038961,2.5392823394426043,62,0,0,0,533.0,AI (PPO-CNN),10
460.0,3.7974683544303796,2.214328970446246,78,0,0,0,600.0,AI (PPO-CNN),10
465.0,6.030864197530864,1.9390757607855298,99,0,0,0,977.0,AI (PPO-CNN),10
470.0,6.3532934131736525,2.0243975271851156,87,0,0,0,1061.0,AI (PPO-CNN),10
475.0,6.832335329341317,2.0129454188147187,87,0,0,0,1141.0,AI (PPO-CNN),10
480.0,8.426136363636363,1.8043098932857875,94,0,0,0,1483.0,AI (PPO-CNN),10
485.0,10.291208791208792,1.714341467920064,107,0,0,0,1873.0,AI (PPO-CNN),10
490.0,12.219895287958115,1.5739215045186248,114,0,0,0,2334.0,AI (PPO-CNN),10
495.0,14.52284263959391,1.3734354081062166,131,0,0,0,2861.0,AI (PPO-CNN),10
500.0,16.186274509803923,1.0594240132777948,141,0,0,0,3302.0,AI (PPO-CNN),10
505.0,18.2018779342723,1.1977717408266544,150,0,0,0,3877.0,AI (PPO-CNN),10
510.0,19.986363636363638,1.1606140246706067,155,0,0,0,4397.0,AI (PPO-CNN),10
515.0,22.915555555555557,0.92361857712899,177,0,0,0,5156.0,AI (PPO-CNN),10
520.0,24.32608695652174,0.9408373457568273,172,0,0,0,5595.0,AI (PPO-CNN),10
525.0,24.223628691983123,1.052569353401075,158,0,0,0,5741.0,AI (PPO-CNN),10
530.0,24.84937238493724,0.9952786462101584,155,0,0,0,5939.0,AI (PPO-CNN),10
535.0,27.541666666666668,0.8301485155329831,167,0,0,0,6610.0,AI (PPO-CNN),10
540.0,29.502057613168724,0.8808641296808205,184,0,0,0,7169.0,AI (PPO-CNN),10
